symbol, date, time, open, high, low, close, volumn, 
FCX,2017-08-04,00:00:00,14.45,14.66,14.35,14.41,14822840
FCX,2017-08-03,00:00:00,14.34,14.58,14.17,14.37,20389087
FCX,2017-08-02,00:00:00,14.14,14.50,14.06,14.37,17689370
FCX,2017-08-01,00:00:00,14.60,14.69,14.22,14.49,19010045
FCX,2017-01-01,00:00:00,100.00,100.00,100.00,100.00,10000
FCX,2017-07-31,00:00:00,100.00,100.00,100.00,100.00,10000
FCX,2010-10-10,00:04:52,14.50,14.80,14.45,14.60,17858305
FCX,2017-07-28,00:00:00,15.06,15.10,14.45,14.50,32957062
FCX,2017-07-27,00:00:00,14.69,15.27,14.41,15.06,37215659
FCX,2017-07-26,00:00:00,13.35,14.99,13.31,14.87,74121803
FCX,2017-07-25,00:00:00,13.01,13.08,12.79,12.96,14713188
FCX,2017-07-24,00:00:00,13.04,13.19,12.90,13.01,11718713
FCX,2017-07-21,00:00:00,13.12,13.21,12.80,13.04,13210943
FCX,2017-07-20,00:00:00,13.03,13.19,12.96,13.11,14094964
FCX,2017-07-19,00:00:00,12.98,13.02,12.76,13.00,15330898
FCX,2017-07-18,00:00:00,12.78,13.36,12.72,13.00,27319826
FCX,2017-07-17,00:00:00,12.51,12.69,12.51,12.60,11896462
FCX,2017-07-14,00:00:00,12.34,12.57,12.30,12.48,17865301
FCX,2017-07-13,00:00:00,12.42,12.61,12.20,12.27,23912479
FCX,2017-07-12,00:00:00,12.52,12.63,12.17,12.58,19193784
FCX,2017-07-11,00:00:00,11.82,12.64,11.78,12.52,24245156
FCX,2017-07-10,00:00:00,11.92,12.00,11.71,11.90,12151434
FCX,2017-07-07,00:00:00,12.09,12.21,11.86,11.89,12965548
FCX,2017-07-06,00:00:00,12.20,12.36,11.98,12.17,13966991
FCX,2017-07-05,00:00:00,12.08,12.30,12.06,12.20,8517402
FCX,2017-07-03,00:00:00,12.12,12.19,11.89,12.01,14791053
FCX,2017-06-30,00:00:00,12.10,12.33,11.98,12.08,16256984
FCX,2017-06-29,00:00:00,11.86,12.09,11.68,11.99,12231534
FCX,2017-06-28,00:00:00,11.98,12.14,11.72,11.72,14693946
FCX,2017-06-27,00:00:00,11.90,11.96,11.73,11.82,13970151
FCX,2017-06-26,00:00:00,11.53,11.81,11.34,11.76,20746873
FCX,2017-06-23,00:00:00,11.19,11.64,11.15,11.45,14726490
FCX,2017-06-22,00:00:00,11.29,11.45,11.12,11.21,12554728
FCX,2017-06-21,00:00:00,11.40,11.41,11.12,11.24,16799319
FCX,2017-06-20,00:00:00,11.51,11.68,11.47,11.59,14190092
FCX,2017-06-19,00:00:00,11.50,11.61,11.20,11.42,22596202
FCX,2017-06-16,00:00:00,11.97,12.08,11.48,11.50,22286983
FCX,2017-06-15,00:00:00,12.46,12.46,12.01,12.09,20053316
FCX,2017-06-14,00:00:00,12.28,12.44,12.21,12.36,10095575
FCX,2017-06-13,00:00:00,12.36,12.61,12.24,12.34,24309872
FCX,2017-06-12,00:00:00,12.06,12.48,12.05,12.36,25821807
FCX,2017-06-09,00:00:00,11.67,12.24,11.62,12.06,24323829
FCX,2017-06-08,00:00:00,11.90,11.96,11.56,11.72,27296466
FCX,2017-06-07,00:00:00,11.45,11.98,11.30,11.85,21800110
FCX,2017-06-06,00:00:00,11.20,11.51,11.19,11.42,12541609
FCX,2017-06-05,00:00:00,11.30,11.41,11.05,11.29,17869911
FCX,2017-06-02,00:00:00,11.47,11.62,11.37,11.45,17577209
FCX,2017-06-01,00:00:00,11.53,11.56,11.18,11.49,25307749
FCX,2017-05-31,00:00:00,11.76,11.82,11.57,11.67,9876146
FCX,2017-05-30,00:00:00,11.69,11.73,11.52,11.67,9747397
FCX,2017-05-26,00:00:00,12.00,12.24,11.62,11.70,18881572
FCX,2017-05-25,00:00:00,11.95,12.06,11.78,11.90,14719257
FCX,2017-05-24,00:00:00,11.80,11.98,11.73,11.88,11651698
FCX,2017-05-23,00:00:00,11.74,11.89,11.60,11.83,16212592
FCX,2017-05-22,00:00:00,11.40,11.85,11.38,11.73,30059405
FCX,2017-05-19,00:00:00,11.31,11.45,11.06,11.29,19232696
FCX,2017-05-18,00:00:00,11.65,11.71,11.35,11.43,15935343
FCX,2017-05-17,00:00:00,11.86,11.86,11.69,11.77,17739331
FCX,2017-05-16,00:00:00,11.73,11.87,11.67,11.75,19741774
FCX,2017-05-15,00:00:00,11.63,11.78,11.49,11.51,15584030
FCX,2017-05-12,00:00:00,11.86,11.88,11.62,11.68,14786935
FCX,2017-05-11,00:00:00,11.75,11.80,11.55,11.72,20503806
FCX,2017-05-10,00:00:00,11.78,11.99,11.62,11.63,19405934
FCX,2017-05-09,00:00:00,11.69,11.74,11.56,11.67,18821623
FCX,2017-05-08,00:00:00,11.71,11.95,11.68,11.80,17988404
FCX,2017-05-05,00:00:00,11.70,11.75,11.42,11.68,33475549
FCX,2017-05-04,00:00:00,12.40,12.41,11.77,12.02,36592023
FCX,2017-05-03,00:00:00,12.48,12.85,12.47,12.72,18076903
FCX,2017-05-02,00:00:00,12.78,12.89,12.51,12.54,16787929
FCX,2017-05-01,00:00:00,13.16,13.19,12.73,12.75,22831017
FCX,2017-04-28,00:00:00,13.45,13.47,13.00,13.01,23733428
FCX,2017-04-27,00:00:00,13.02,13.79,12.88,13.50,31412491
FCX,2017-04-26,00:00:00,12.52,13.36,12.39,13.10,50570501
FCX,2017-04-25,00:00:00,12.43,12.62,12.20,12.23,32419786
FCX,2017-04-24,00:00:00,12.46,12.48,12.03,12.23,27654427
FCX,2017-04-21,00:00:00,12.48,12.66,12.36,12.51,16023857
FCX,2017-04-20,00:00:00,12.61,12.64,12.27,12.35,16534191
FCX,2017-04-19,00:00:00,12.58,12.70,12.32,12.47,17638363
FCX,2017-04-18,00:00:00,12.80,12.80,12.50,12.75,10973759
FCX,2017-04-17,00:00:00,12.86,13.02,12.61,12.72,14922720
FCX,2017-04-13,00:00:00,13.44,13.46,12.78,12.88,22638466
FCX,2017-04-12,00:00:00,13.57,13.65,13.37,13.62,12461486
FCX,2017-04-11,00:00:00,13.35,13.62,13.34,13.52,11135017
FCX,2017-04-10,00:00:00,13.41,13.57,13.28,13.37,21470410
FCX,2017-04-07,00:00:00,13.53,13.72,13.35,13.56,12784662
FCX,2017-04-06,00:00:00,13.73,13.83,13.37,13.44,19101883
FCX,2017-04-05,00:00:00,13.56,13.63,13.32,13.54,21494823
FCX,2017-04-04,00:00:00,13.50,13.53,13.01,13.24,21671994
FCX,2017-04-03,00:00:00,13.23,13.59,13.21,13.36,22923470
FCX,2017-03-31,00:00:00,12.75,13.53,12.74,13.31,34529100
FCX,2017-03-30,00:00:00,12.52,12.84,12.45,12.72,16076479
FCX,2017-03-29,00:00:00,12.21,12.66,12.15,12.57,23007997
FCX,2017-03-28,00:00:00,12.24,12.32,11.91,12.21,35709349
FCX,2017-03-27,00:00:00,12.81,12.93,12.72,12.81,10865643
FCX,2017-03-24,00:00:00,12.83,12.98,12.65,12.83,16116075
FCX,2017-03-23,00:00:00,12.63,13.06,12.58,12.86,19652551
FCX,2017-03-22,00:00:00,13.02,13.17,12.53,12.57,29225333
FCX,2017-03-21,00:00:00,12.72,12.90,12.49,12.73,14907246
FCX,2017-03-20,00:00:00,12.92,13.14,12.65,12.76,27520330
FCX,2017-03-17,00:00:00,13.14,13.16,12.75,12.82,17108526
FCX,2017-03-16,00:00:00,12.39,12.97,12.33,12.89,24788215
FCX,2017-03-15,00:00:00,12.40,12.46,12.17,12.27,19534172
FCX,2017-03-14,00:00:00,12.63,12.82,12.46,12.56,20029861
FCX,2017-03-13,00:00:00,12.55,12.62,12.20,12.37,22451328
FCX,2017-03-10,00:00:00,12.23,12.53,12.18,12.40,21402349
FCX,2017-03-09,00:00:00,12.71,12.79,12.35,12.44,21032980
FCX,2017-03-08,00:00:00,12.90,13.00,12.54,12.69,19159571
FCX,2017-03-07,00:00:00,12.92,12.95,12.53,12.90,27150749
FCX,2017-03-06,00:00:00,13.42,13.42,13.03,13.20,21339149
FCX,2017-03-03,00:00:00,13.94,13.97,13.29,13.31,23774943
FCX,2017-03-02,00:00:00,13.78,14.00,13.61,13.99,32917364
FCX,2017-03-01,00:00:00,13.24,13.63,13.23,13.40,28928001
FCX,2017-02-28,00:00:00,13.37,13.63,13.18,13.27,32200931
FCX,2017-02-27,00:00:00,13.34,13.61,13.16,13.25,27410691
FCX,2017-02-24,00:00:00,13.82,14.04,13.42,13.48,30485470
FCX,2017-02-23,00:00:00,13.90,14.06,13.57,13.73,36811039
FCX,2017-02-22,00:00:00,14.64,14.64,13.92,14.13,66063595
FCX,2017-02-21,00:00:00,15.22,15.31,14.80,14.91,24176882
FCX,2017-02-17,00:00:00,15.33,15.44,15.01,15.07,24698308
FCX,2017-02-16,00:00:00,15.66,15.77,15.35,15.37,30520198
FCX,2017-02-15,00:00:00,15.80,15.99,15.56,15.90,23518043
FCX,2017-02-14,00:00:00,16.02,16.19,15.93,15.96,26657952
FCX,2017-02-13,00:00:00,16.41,16.56,15.74,15.80,45535256
FCX,2017-02-10,00:00:00,15.55,15.55,15.15,15.39,25927682
FCX,2017-02-09,00:00:00,15.40,15.79,15.23,15.53,30199430
FCX,2017-02-08,00:00:00,16.01,16.08,15.41,15.52,38360163
FCX,2017-02-07,00:00:00,16.02,16.15,15.71,16.00,22979876
FCX,2017-02-06,00:00:00,16.50,16.75,15.71,15.83,56828557
FCX,2017-02-03,00:00:00,16.69,16.89,16.61,16.81,18116287
FCX,2017-02-02,00:00:00,16.63,16.89,16.41,16.84,21112308
FCX,2017-02-01,00:00:00,16.56,16.70,16.33,16.65,25332208
FCX,2017-01-31,00:00:00,16.10,16.28,15.95,16.25,27102295
FCX,2017-01-30,00:00:00,15.89,16.58,15.81,16.37,31577656
FCX,2017-01-27,00:00:00,16.16,16.38,15.74,15.84,41495515
FCX,2017-01-26,00:00:00,16.44,16.65,15.81,16.50,70068299
FCX,2017-01-25,00:00:00,16.30,17.06,16.11,17.02,56815423
FCX,2017-01-24,00:00:00,15.72,15.75,15.51,15.72,19894020
FCX,2017-01-23,00:00:00,15.33,15.51,15.28,15.51,17979935
FCX,2017-01-20,00:00:00,15.16,15.41,15.07,15.26,13263674
FCX,2017-01-19,00:00:00,15.08,15.39,14.98,15.24,18655619
FCX,2017-01-18,00:00:00,15.29,15.33,14.91,15.06,19347271
FCX,2017-01-17,00:00:00,15.26,15.28,14.51,15.19,33977849
FCX,2017-01-13,00:00:00,15.61,15.66,15.18,15.27,33940159
FCX,2017-01-12,00:00:00,15.55,15.94,15.23,15.87,29752310
FCX,2017-01-11,00:00:00,15.32,15.73,15.22,15.55,44241249
FCX,2017-01-10,00:00:00,14.85,14.93,14.62,14.68,17294280
FCX,2017-01-09,00:00:00,14.73,15.00,14.57,14.90,24449133
FCX,2017-01-06,00:00:00,14.68,15.29,14.41,14.62,34955976
FCX,2017-01-05,00:00:00,14.09,14.84,13.94,14.83,36310930
FCX,2017-01-04,00:00:00,13.49,13.90,13.40,13.78,28586188
FCX,2017-01-03,00:00:00,13.58,13.74,13.13,13.19,16761793
FCX,2016-12-30,00:00:00,13.56,13.61,13.30,13.48,15290842
FCX,2016-12-29,00:00:00,13.97,14.02,13.51,13.57,18482648
FCX,2016-12-28,00:00:00,13.95,14.12,13.72,13.76,15942795
FCX,2016-12-27,00:00:00,13.67,13.90,13.63,13.81,12591035
FCX,2016-12-23,00:00:00,13.99,14.30,13.78,13.80,17898073
FCX,2016-12-22,00:00:00,14.29,14.29,13.97,14.05,15014110
FCX,2016-12-21,00:00:00,13.59,14.29,13.57,14.16,24891055
FCX,2016-12-20,00:00:00,13.60,13.74,13.26,13.55,37707656
FCX,2016-12-19,00:00:00,14.44,14.56,13.83,13.83,60084027
FCX,2016-12-16,00:00:00,14.35,14.96,14.28,14.61,29535472
FCX,2016-12-15,00:00:00,14.87,15.14,14.56,14.65,28511984
FCX,2016-12-14,00:00:00,15.30,15.47,14.52,15.04,35342225
FCX,2016-12-13,00:00:00,15.94,15.96,15.24,15.36,24466689
FCX,2016-12-12,00:00:00,15.81,16.08,15.56,15.75,25150243
FCX,2016-12-09,00:00:00,15.64,15.77,15.28,15.60,28295997
FCX,2016-12-08,00:00:00,16.00,16.08,15.18,15.43,39354714
FCX,2016-12-07,00:00:00,15.63,15.96,15.60,15.89,24449153
FCX,2016-12-06,00:00:00,15.80,15.99,15.53,15.87,35554012
FCX,2016-12-05,00:00:00,14.97,15.65,14.93,15.42,27354571
FCX,2016-12-02,00:00:00,15.50,15.84,14.98,15.03,31831729
FCX,2016-12-01,00:00:00,15.40,15.62,15.06,15.35,41712223
FCX,2016-11-30,00:00:00,15.24,15.47,14.85,14.97,40857509
FCX,2016-11-29,00:00:00,15.88,16.04,15.57,15.78,28522078
FCX,2016-11-28,00:00:00,16.34,16.35,15.82,16.00,29522130
FCX,2016-11-25,00:00:00,14.88,16.42,14.85,16.21,68779350
FCX,2016-11-23,00:00:00,14.84,15.18,14.77,15.12,51126985
FCX,2016-11-22,00:00:00,14.21,14.54,14.15,14.51,44386705
FCX,2016-11-21,00:00:00,13.79,13.91,13.57,13.73,18153210
FCX,2016-11-18,00:00:00,13.85,14.02,13.62,13.80,26257448
FCX,2016-11-17,00:00:00,13.70,13.96,13.50,13.80,29531116
FCX,2016-11-16,00:00:00,13.50,14.01,13.46,13.99,36880523
FCX,2016-11-15,00:00:00,14.04,14.05,13.55,13.92,36173630
FCX,2016-11-14,00:00:00,14.12,14.26,13.10,13.94,72348892
FCX,2016-11-11,00:00:00,13.71,14.15,13.59,13.80,82428388
FCX,2016-11-10,00:00:00,12.91,13.22,12.78,13.07,79913067
FCX,2016-11-09,00:00:00,11.30,12.16,11.24,12.09,60822605
FCX,2016-11-08,00:00:00,11.42,11.45,11.11,11.29,31038402
FCX,2016-11-07,00:00:00,10.65,11.24,10.50,11.05,27925373
FCX,2016-11-04,00:00:00,10.73,11.00,10.63,10.73,19241163
FCX,2016-11-03,00:00:00,10.99,11.22,10.61,10.62,28242608
FCX,2016-11-02,00:00:00,11.31,11.37,11.02,11.15,24629497
FCX,2016-11-01,00:00:00,10.97,11.20,10.85,11.18,26120628
FCX,2016-10-31,00:00:00,10.78,11.18,10.76,10.93,36062397
FCX,2016-10-28,00:00:00,10.64,10.80,10.49,10.69,23653726
FCX,2016-10-27,00:00:00,10.45,10.67,10.33,10.58,24182209
FCX,2016-10-26,00:00:00,10.44,11.00,10.35,10.55,53878510
FCX,2016-10-25,00:00:00,10.15,10.23,9.85,10.18,28168101
FCX,2016-10-24,00:00:00,10.01,10.25,9.96,10.04,20960781
FCX,2016-10-21,00:00:00,9.82,10.28,9.64,10.21,39952284
FCX,2016-10-20,00:00:00,9.80,10.18,9.54,10.02,34139144
FCX,2016-10-19,00:00:00,9.71,9.80,9.53,9.72,17424199
FCX,2016-10-18,00:00:00,9.52,9.75,9.50,9.52,15204577
FCX,2016-10-17,00:00:00,9.78,9.93,9.56,9.66,26033346
FCX,2016-10-14,00:00:00,9.54,9.74,9.24,9.64,47867285
FCX,2016-10-13,00:00:00,9.84,10.15,9.80,10.05,18499703
FCX,2016-10-12,00:00:00,10.08,10.08,9.78,9.87,28841619
FCX,2016-10-11,00:00:00,10.29,10.42,10.14,10.19,18684096
FCX,2016-10-10,00:00:00,10.57,10.64,10.00,10.13,34391769
FCX,2016-10-07,00:00:00,10.51,10.61,10.30,10.30,18075601
FCX,2016-10-06,00:00:00,10.45,10.78,10.45,10.67,22154297
FCX,2016-10-05,00:00:00,10.75,10.78,10.25,10.39,28037615
FCX,2016-10-04,00:00:00,10.98,11.20,10.66,10.69,25503738
FCX,2016-10-03,00:00:00,10.83,11.11,10.80,10.86,26469580
FCX,2016-09-30,00:00:00,10.74,11.05,10.56,10.69,25147855
FCX,2016-09-29,00:00:00,10.41,10.92,10.27,10.91,29769499
FCX,2016-09-28,00:00:00,10.33,10.36,9.99,10.21,24690612
FCX,2016-09-27,00:00:00,10.69,10.86,10.47,10.51,24061045
FCX,2016-09-26,00:00:00,10.88,11.05,10.62,10.63,22336624
FCX,2016-09-23,00:00:00,10.84,11.13,10.82,10.98,36711220
FCX,2016-09-22,00:00:00,10.14,10.58,10.12,10.54,30400519
FCX,2016-09-21,00:00:00,9.97,10.13,9.80,9.95,24404841
FCX,2016-09-20,00:00:00,10.12,10.20,9.87,10.01,27244727
FCX,2016-09-19,00:00:00,9.60,9.99,9.51,9.94,36057913
FCX,2016-09-16,00:00:00,9.81,9.95,9.43,9.78,40676682
FCX,2016-09-15,00:00:00,10.09,10.18,9.70,9.80,48079292
FCX,2016-09-14,00:00:00,10.65,10.68,9.97,10.15,52886516
FCX,2016-09-13,00:00:00,10.01,11.14,9.90,11.08,59990538
FCX,2016-09-12,00:00:00,10.48,10.55,10.17,10.27,28929016
FCX,2016-09-09,00:00:00,10.62,10.71,10.28,10.62,29252616
FCX,2016-09-08,00:00:00,10.71,10.83,10.49,10.60,18440350
FCX,2016-09-07,00:00:00,10.60,10.81,10.52,10.72,21368613
FCX,2016-09-06,00:00:00,10.63,10.83,10.39,10.48,23675707
FCX,2016-09-02,00:00:00,10.32,10.47,10.18,10.35,20780182
FCX,2016-09-01,00:00:00,10.43,10.52,10.18,10.29,32235956
FCX,2016-08-31,00:00:00,10.94,10.97,10.45,10.56,28234679
FCX,2016-08-30,00:00:00,10.82,11.12,10.80,10.98,18349130
FCX,2016-08-29,00:00:00,11.24,11.58,10.82,10.89,32804817
FCX,2016-08-26,00:00:00,11.08,11.30,10.89,11.09,31324983
FCX,2016-08-25,00:00:00,11.82,11.86,11.04,11.08,44040575
FCX,2016-08-24,00:00:00,11.95,12.20,11.79,11.98,25074134
FCX,2016-08-23,00:00:00,11.75,11.92,11.51,11.83,20362896
FCX,2016-08-22,00:00:00,12.06,12.08,11.89,11.97,17288342
FCX,2016-08-19,00:00:00,12.20,12.27,12.04,12.23,20883112
FCX,2016-08-18,00:00:00,11.98,12.04,11.78,12.00,20372013
FCX,2016-08-17,00:00:00,12.36,12.36,12.05,12.08,20214274
FCX,2016-08-16,00:00:00,11.95,12.28,11.93,12.17,20601798
FCX,2016-08-15,00:00:00,12.00,12.18,11.72,11.82,23264130
FCX,2016-08-12,00:00:00,12.15,12.20,11.93,12.11,21594116
FCX,2016-08-11,00:00:00,12.47,12.50,12.00,12.02,21346459
FCX,2016-08-10,00:00:00,12.28,12.50,12.03,12.09,20165775
FCX,2016-08-09,00:00:00,12.49,12.73,12.28,12.29,29715362
FCX,2016-08-08,00:00:00,12.32,12.37,11.88,12.23,36713630
FCX,2016-08-05,00:00:00,12.23,12.60,12.20,12.32,23465725
FCX,2016-08-04,00:00:00,12.20,12.58,12.03,12.39,24941720
FCX,2016-08-03,00:00:00,12.64,12.70,12.21,12.40,24142208
FCX,2016-08-02,00:00:00,13.01,13.04,12.41,12.48,26279379
FCX,2016-08-01,00:00:00,12.76,13.04,12.63,12.96,28956254
FCX,2016-07-29,00:00:00,13.13,13.20,12.72,12.94,24785448
FCX,2016-07-28,00:00:00,12.89,13.59,12.80,13.06,51487566
FCX,2016-07-27,00:00:00,11.60,12.84,11.25,12.68,71538388
FCX,2016-07-26,00:00:00,12.62,12.62,12.17,12.38,29515391
FCX,2016-07-25,00:00:00,12.78,12.88,12.53,12.67,23434861
FCX,2016-07-22,00:00:00,12.50,12.89,12.44,12.87,34293023
FCX,2016-07-21,00:00:00,12.11,12.40,11.69,12.30,39267735
FCX,2016-07-20,00:00:00,12.92,12.95,12.40,12.45,27143642
FCX,2016-07-19,00:00:00,12.91,13.15,12.60,13.14,22242739
FCX,2016-07-18,00:00:00,13.03,13.25,12.91,13.11,24296523
FCX,2016-07-15,00:00:00,13.03,13.22,12.68,12.95,31588304
FCX,2016-07-14,00:00:00,12.80,13.00,12.42,12.96,44432181
FCX,2016-07-13,00:00:00,12.05,12.98,12.02,12.90,59009703
FCX,2016-07-12,00:00:00,11.40,11.89,11.37,11.65,33360500
FCX,2016-07-11,00:00:00,10.93,11.24,10.81,11.20,36040131
FCX,2016-07-08,00:00:00,11.07,11.41,10.56,10.67,38483315
FCX,2016-07-07,00:00:00,10.45,10.90,10.27,10.89,29891349
FCX,2016-07-06,00:00:00,11.10,11.18,10.34,10.50,38153836
FCX,2016-07-05,00:00:00,11.04,11.50,10.94,11.35,27441718
FCX,2016-07-01,00:00:00,10.85,11.18,10.61,11.14,33685284
FCX,2016-06-30,00:00:00,10.87,11.08,10.76,10.77,29320236
FCX,2016-06-29,00:00:00,10.62,10.92,10.52,10.69,41865561
FCX,2016-06-28,00:00:00,10.56,10.56,9.99,10.13,30101127
FCX,2016-06-27,00:00:00,11.02,11.11,10.51,10.58,54028498
FCX,2016-06-24,00:00:00,11.72,11.93,11.62,11.77,33441226
FCX,2016-06-23,00:00:00,11.81,11.90,11.36,11.50,36900077
FCX,2016-06-22,00:00:00,11.48,11.66,11.25,11.61,28845014
FCX,2016-06-21,00:00:00,11.47,11.90,11.42,11.55,38890224
FCX,2016-06-20,00:00:00,11.03,11.40,10.98,11.14,40800100
FCX,2016-06-17,00:00:00,10.81,10.82,10.32,10.78,39528419
FCX,2016-06-16,00:00:00,10.64,11.30,10.60,11.00,62845107
FCX,2016-06-15,00:00:00,10.30,10.45,9.82,10.21,33249945
FCX,2016-06-14,00:00:00,10.25,10.71,10.24,10.40,25648132
FCX,2016-06-13,00:00:00,10.53,10.68,10.26,10.36,38323822
FCX,2016-06-10,00:00:00,11.21,11.21,10.78,10.90,49003555
FCX,2016-06-09,00:00:00,11.64,11.92,11.56,11.58,37432758
FCX,2016-06-08,00:00:00,11.32,11.47,11.17,11.24,32146267
FCX,2016-06-07,00:00:00,11.38,11.68,11.37,11.65,43488509
FCX,2016-06-06,00:00:00,11.00,11.28,10.91,11.11,34801475
FCX,2016-06-03,00:00:00,10.49,10.71,10.35,10.66,29646145
FCX,2016-06-02,00:00:00,10.80,10.87,10.27,10.60,43762732
FCX,2016-06-01,00:00:00,11.06,11.50,11.03,11.08,34439853
FCX,2016-05-31,00:00:00,11.35,11.42,10.96,11.14,28600601
FCX,2016-05-27,00:00:00,11.91,12.04,11.28,11.34,31344838
FCX,2016-05-26,00:00:00,11.39,11.73,11.11,11.65,45685232
FCX,2016-05-25,00:00:00,11.41,11.51,11.03,11.11,37892880
FCX,2016-05-24,00:00:00,10.80,11.45,10.72,11.38,41974773
FCX,2016-05-23,00:00:00,11.13,11.36,10.87,11.08,42624319
FCX,2016-05-20,00:00:00,10.33,11.02,10.22,10.98,47873767
FCX,2016-05-19,00:00:00,11.23,11.48,10.35,10.54,55467490
FCX,2016-05-18,00:00:00,11.30,11.90,11.08,11.51,60342213
FCX,2016-05-17,00:00:00,10.78,11.46,10.78,11.04,43703299
FCX,2016-05-16,00:00:00,10.96,11.37,10.29,10.41,43748568
FCX,2016-05-13,00:00:00,11.67,11.98,10.83,11.03,47835040
FCX,2016-05-12,00:00:00,11.02,11.94,11.00,11.61,46724500
FCX,2016-05-11,00:00:00,10.79,10.98,10.51,10.86,25803104
FCX,2016-05-10,00:00:00,11.20,11.24,10.37,10.52,51265763
FCX,2016-05-09,00:00:00,11.14,12.12,11.13,11.79,51530292
FCX,2016-05-06,00:00:00,12.09,12.22,11.08,11.29,50090990
FCX,2016-05-05,00:00:00,12.14,12.51,11.58,11.80,48054093
FCX,2016-05-04,00:00:00,13.04,13.08,12.00,12.01,58778620
FCX,2016-05-03,00:00:00,14.03,14.04,13.31,13.55,46178392
FCX,2016-05-02,00:00:00,13.11,14.06,13.05,14.00,74449730
FCX,2016-04-29,00:00:00,12.66,13.36,12.61,12.66,62536272
FCX,2016-04-28,00:00:00,11.69,12.67,11.59,12.65,58323750
FCX,2016-04-27,00:00:00,11.29,11.60,10.56,11.48,56532460
FCX,2016-04-26,00:00:00,11.59,11.76,11.16,11.35,35721788
FCX,2016-04-25,00:00:00,11.76,12.05,11.43,11.67,53029368
FCX,2016-04-22,00:00:00,12.59,12.70,11.47,11.52,65943751
FCX,2016-04-21,00:00:00,11.95,12.69,11.82,12.36,61901874
FCX,2016-04-20,00:00:00,11.07,12.02,11.06,12.01,63018780
FCX,2016-04-19,00:00:00,10.48,11.09,10.22,11.02,40995985
FCX,2016-04-18,00:00:00,10.47,10.92,10.35,10.86,29351366
FCX,2016-04-15,00:00:00,10.85,11.07,10.54,10.73,37715602
FCX,2016-04-14,00:00:00,10.74,11.23,10.72,10.82,54971483
FCX,2016-04-13,00:00:00,10.03,10.48,9.90,10.43,59053456
FCX,2016-04-12,00:00:00,9.58,9.88,9.51,9.76,33153090
FCX,2016-04-11,00:00:00,9.17,9.53,9.02,9.33,37141382
FCX,2016-04-08,00:00:00,9.28,9.51,8.76,8.85,61054077
FCX,2016-04-07,00:00:00,9.47,9.65,9.10,9.61,37218198
FCX,2016-04-06,00:00:00,9.26,9.62,9.22,9.34,32025906
FCX,2016-04-05,00:00:00,9.91,10.09,9.39,9.42,38630764
FCX,2016-04-04,00:00:00,9.92,10.00,9.58,9.89,41393187
FCX,2016-04-01,00:00:00,10.13,10.46,10.13,10.34,32891995
FCX,2016-03-31,00:00:00,10.36,10.59,9.99,10.29,46752719
FCX,2016-03-30,00:00:00,9.71,10.30,9.41,10.14,44151850
FCX,2016-03-29,00:00:00,10.25,10.48,9.73,10.14,35297449
FCX,2016-03-28,00:00:00,9.37,10.14,9.10,10.11,52599782
FCX,2016-03-24,00:00:00,10.57,10.72,9.73,9.75,48581972
FCX,2016-03-23,00:00:00,10.56,11.20,10.43,10.99,31011426
FCX,2016-03-22,00:00:00,10.65,10.93,10.35,10.80,31250722
FCX,2016-03-21,00:00:00,11.04,11.44,10.44,10.76,79198091
FCX,2016-03-18,00:00:00,10.43,11.07,10.06,10.90,52864350
FCX,2016-03-17,00:00:00,9.25,10.28,9.22,10.22,49210870
FCX,2016-03-16,00:00:00,9.45,9.49,9.03,9.27,36391843
FCX,2016-03-15,00:00:00,9.47,10.14,9.37,9.97,39888825
FCX,2016-03-14,00:00:00,9.85,9.88,9.41,9.55,40907549
FCX,2016-03-11,00:00:00,8.86,9.65,8.75,9.60,55706602
FCX,2016-03-10,00:00:00,8.91,9.23,8.47,9.15,49064249
FCX,2016-03-09,00:00:00,9.37,9.42,8.56,8.66,58329732
FCX,2016-03-08,00:00:00,9.77,10.20,9.51,9.86,63542682
FCX,2016-03-07,00:00:00,9.32,10.50,9.17,9.74,104843365
FCX,2016-03-04,00:00:00,8.66,9.20,8.46,9.11,66661356
FCX,2016-03-03,00:00:00,7.82,9.02,7.79,8.97,84716731
FCX,2016-03-02,00:00:00,7.84,7.88,7.26,7.76,54105382
FCX,2016-03-01,00:00:00,7.69,7.84,7.51,7.63,47082617
FCX,2016-02-29,00:00:00,7.70,7.80,7.31,7.43,48327087
FCX,2016-02-26,00:00:00,7.14,7.34,6.79,7.12,35394025
FCX,2016-02-25,00:00:00,6.74,7.26,6.55,7.20,57061011
FCX,2016-02-24,00:00:00,7.55,7.74,7.15,7.24,58816009
FCX,2016-02-23,00:00:00,7.27,7.97,7.27,7.93,75183514
FCX,2016-02-22,00:00:00,6.98,7.17,6.75,6.92,38828610
FCX,2016-02-19,00:00:00,7.40,7.42,6.65,7.15,59714392
FCX,2016-02-18,00:00:00,6.63,7.60,6.60,7.16,103568968
FCX,2016-02-17,00:00:00,5.82,6.38,5.80,6.37,76845349
FCX,2016-02-16,00:00:00,5.12,5.74,5.08,5.53,44440419
FCX,2016-02-12,00:00:00,4.81,5.08,4.65,4.89,37983506
FCX,2016-02-11,00:00:00,4.95,5.13,4.78,4.98,33754269
FCX,2016-02-10,00:00:00,5.12,5.40,4.97,5.00,43161954
FCX,2016-02-09,00:00:00,5.46,5.93,5.17,5.27,64860258
FCX,2016-02-08,00:00:00,5.57,5.98,5.45,5.68,71706493
FCX,2016-02-05,00:00:00,5.10,6.03,5.09,5.72,116216107
FCX,2016-02-04,00:00:00,4.43,4.85,4.35,4.85,44220744
FCX,2016-02-03,00:00:00,4.60,4.65,4.26,4.35,31586088
FCX,2016-02-02,00:00:00,4.50,4.82,4.33,4.74,48289349
FCX,2016-02-01,00:00:00,4.44,4.75,4.37,4.60,41951439
FCX,2016-01-29,00:00:00,4.80,4.88,4.21,4.42,66798479
FCX,2016-01-28,00:00:00,4.06,5.08,4.02,4.65,95592065
FCX,2016-01-27,00:00:00,4.40,4.42,3.83,4.20,91956297
FCX,2016-01-26,00:00:00,3.87,4.00,3.81,3.94,51356677
FCX,2016-01-25,00:00:00,4.59,4.66,3.80,3.94,108760802
FCX,2016-01-22,00:00:00,4.14,4.43,3.97,4.33,61069146
FCX,2016-01-21,00:00:00,3.77,4.13,3.52,4.07,88462330
FCX,2016-01-20,00:00:00,4.58,4.58,3.92,3.96,59759684
FCX,2016-01-19,00:00:00,3.80,4.35,3.77,4.35,73161611
FCX,2016-01-15,00:00:00,3.81,4.23,3.78,4.20,77641903
FCX,2016-01-14,00:00:00,4.18,4.28,3.70,3.74,64427509
FCX,2016-01-13,00:00:00,4.47,4.58,3.65,4.11,141597285
FCX,2016-01-12,00:00:00,5.40,5.42,4.23,4.31,117668158
FCX,2016-01-11,00:00:00,5.67,5.71,5.36,5.41,44313117
FCX,2016-01-08,00:00:00,5.98,6.04,5.43,5.61,66615374
FCX,2016-01-07,00:00:00,6.37,6.47,6.13,6.17,45365148
FCX,2016-01-06,00:00:00,6.62,6.73,6.51,6.71,37753355
FCX,2016-01-05,00:00:00,6.60,6.76,6.30,6.55,43028188
FCX,2016-01-04,00:00:00,6.69,6.93,6.68,6.77,24444702
FCX,2015-12-31,00:00:00,6.74,6.94,6.68,6.77,26421050
FCX,2015-12-30,00:00:00,7.15,7.29,6.86,6.97,35517296
FCX,2015-12-29,00:00:00,7.33,7.33,6.81,6.85,42708421
FCX,2015-12-28,00:00:00,7.53,7.64,7.26,7.57,23225204
FCX,2015-12-24,00:00:00,6.70,7.53,6.70,7.45,76683986
FCX,2015-12-23,00:00:00,6.28,6.46,6.22,6.42,41029122
FCX,2015-12-22,00:00:00,6.31,6.48,6.13,6.24,42811187
FCX,2015-12-21,00:00:00,6.29,6.48,6.08,6.21,95926297
FCX,2015-12-18,00:00:00,6.57,6.64,6.10,6.12,53127460
FCX,2015-12-17,00:00:00,6.63,6.86,6.53,6.69,50323764
FCX,2015-12-16,00:00:00,6.57,6.79,6.46,6.52,47366514
FCX,2015-12-15,00:00:00,6.85,6.95,6.43,6.46,57003189
FCX,2015-12-14,00:00:00,7.16,7.29,6.83,6.90,69255161
FCX,2015-12-11,00:00:00,7.07,7.45,6.93,7.36,47513636
FCX,2015-12-10,00:00:00,6.96,7.48,6.90,6.99,60700203
FCX,2015-12-09,00:00:00,7.06,7.06,6.63,6.74,57811488
FCX,2015-12-08,00:00:00,7.63,7.63,7.19,7.23,45849090
FCX,2015-12-07,00:00:00,7.65,7.92,7.54,7.85,45599500
FCX,2015-12-04,00:00:00,7.85,7.98,7.63,7.68,45469069
FCX,2015-12-03,00:00:00,8.23,8.23,7.80,7.83,45147828
FCX,2015-12-02,00:00:00,8.25,8.41,8.13,8.33,32715958
FCX,2015-12-01,00:00:00,8.11,8.48,8.03,8.18,33853443
FCX,2015-11-30,00:00:00,8.13,8.25,8.03,8.10,14910850
FCX,2015-11-27,00:00:00,8.16,8.49,8.00,8.10,29689522
FCX,2015-11-25,00:00:00,8.19,8.40,8.00,8.30,47306219
FCX,2015-11-24,00:00:00,8.20,8.20,7.94,8.00,36018898
FCX,2015-11-23,00:00:00,8.44,8.58,8.00,8.25,33692586
FCX,2015-11-20,00:00:00,8.80,8.85,8.40,8.41,27375410
FCX,2015-11-19,00:00:00,8.53,8.80,8.45,8.77,32221154
FCX,2015-11-18,00:00:00,8.94,8.97,8.33,8.39,32653307
FCX,2015-11-17,00:00:00,8.71,8.92,8.61,8.86,30245926
FCX,2015-11-16,00:00:00,8.97,8.99,8.64,8.68,31824855
FCX,2015-11-13,00:00:00,8.86,9.18,8.60,8.77,46989003
FCX,2015-11-12,00:00:00,9.91,9.92,9.02,9.31,40734532
FCX,2015-11-11,00:00:00,10.37,10.37,9.80,9.83,33569597
FCX,2015-11-10,00:00:00,10.73,10.88,10.13,10.49,28828872
FCX,2015-11-09,00:00:00,11.17,11.25,10.61,10.75,35289329
FCX,2015-11-06,00:00:00,11.77,11.86,11.21,11.48,36790527
FCX,2015-11-05,00:00:00,12.65,12.75,11.77,12.02,30383122
FCX,2015-11-04,00:00:00,11.82,12.68,11.81,12.41,34377300
FCX,2015-11-03,00:00:00,11.79,12.05,11.61,11.82,23080400
FCX,2015-11-02,00:00:00,11.70,12.05,11.56,11.77,21772958
FCX,2015-10-30,00:00:00,11.58,12.00,11.53,11.63,18722690
FCX,2015-10-29,00:00:00,11.42,12.36,11.40,11.78,32468425
FCX,2015-10-28,00:00:00,11.82,11.99,11.32,11.61,23337149
FCX,2015-10-27,00:00:00,12.14,12.31,11.98,12.02,13576562
FCX,2015-10-26,00:00:00,12.19,12.28,11.78,12.13,25742113
FCX,2015-10-23,00:00:00,11.54,12.80,11.53,12.02,36114081
FCX,2015-10-22,00:00:00,12.29,12.35,11.87,11.95,24716431
FCX,2015-10-21,00:00:00,11.93,12.39,11.83,12.24,23307601
FCX,2015-10-20,00:00:00,12.21,12.40,11.77,12.03,25699295
FCX,2015-10-19,00:00:00,13.06,13.06,12.25,12.44,28178397
FCX,2015-10-16,00:00:00,12.92,13.20,12.84,13.00,25871150
FCX,2015-10-15,00:00:00,12.83,13.09,12.47,13.06,27596511
FCX,2015-10-14,00:00:00,12.31,13.15,12.12,12.73,30668501
FCX,2015-10-13,00:00:00,13.54,13.54,12.53,12.94,30176299
FCX,2015-10-12,00:00:00,13.89,14.20,13.17,13.49,50979172
FCX,2015-10-09,00:00:00,12.95,13.62,12.71,13.46,52240346
FCX,2015-10-08,00:00:00,12.23,13.44,12.23,13.01,93601728
FCX,2015-10-07,00:00:00,11.43,11.93,11.30,11.83,53446327
FCX,2015-10-06,00:00:00,10.54,11.29,10.51,11.18,37939418
FCX,2015-10-05,00:00:00,9.71,10.66,9.62,10.62,39367979
FCX,2015-10-02,00:00:00,9.91,10.14,9.51,9.82,31182843
FCX,2015-10-01,00:00:00,9.27,9.78,9.25,9.69,42106184
FCX,2015-09-30,00:00:00,8.97,9.26,8.96,9.11,26969246
FCX,2015-09-29,00:00:00,9.36,9.37,8.62,8.91,49301516
FCX,2015-09-28,00:00:00,10.06,10.08,9.60,9.80,46393691
FCX,2015-09-25,00:00:00,9.70,10.14,9.57,9.99,46863378
FCX,2015-09-24,00:00:00,10.62,10.67,9.96,10.00,33910958
FCX,2015-09-23,00:00:00,9.97,10.78,9.72,10.59,90827388
FCX,2015-09-22,00:00:00,10.77,10.90,10.51,10.53,33068600
FCX,2015-09-21,00:00:00,11.34,11.43,10.54,10.88,78888265
FCX,2015-09-18,00:00:00,11.66,12.59,11.56,12.05,48532495
FCX,2015-09-17,00:00:00,11.45,11.87,11.39,11.84,29829431
FCX,2015-09-16,00:00:00,11.13,11.48,11.11,11.29,28008092
FCX,2015-09-15,00:00:00,11.17,11.54,10.88,11.16,28202438
FCX,2015-09-14,00:00:00,11.31,11.64,11.10,11.40,41593712
FCX,2015-09-11,00:00:00,10.82,11.34,10.78,11.27,54059875
FCX,2015-09-10,00:00:00,10.77,11.18,10.41,10.73,44785946
FCX,2015-09-09,00:00:00,10.21,10.58,10.08,10.40,65931651
FCX,2015-09-08,00:00:00,9.79,9.91,9.51,9.71,30047231
FCX,2015-09-04,00:00:00,10.02,10.35,9.86,10.13,40524399
FCX,2015-09-03,00:00:00,10.05,10.05,9.50,9.90,36406672
FCX,2015-09-02,00:00:00,10.11,10.39,9.65,9.77,42406397
FCX,2015-09-01,00:00:00,10.35,10.83,10.17,10.64,58037547
FCX,2015-08-31,00:00:00,11.33,11.48,10.31,10.50,109894032
FCX,2015-08-28,00:00:00,8.63,10.48,8.56,10.19,105442550
FCX,2015-08-27,00:00:00,8.25,8.29,7.76,7.92,52357660
FCX,2015-08-26,00:00:00,9.25,9.26,8.24,8.24,37000584
FCX,2015-08-25,00:00:00,8.67,9.42,8.16,8.68,35296820
FCX,2015-08-24,00:00:00,9.74,9.80,9.48,9.58,29625019
FCX,2015-08-21,00:00:00,9.99,10.12,9.59,9.71,45078120
FCX,2015-08-20,00:00:00,9.85,9.86,9.59,9.73,41990419
FCX,2015-08-19,00:00:00,9.97,10.05,9.81,9.92,44885096
FCX,2015-08-18,00:00:00,9.92,10.30,9.92,10.24,29758385
FCX,2015-08-17,00:00:00,10.09,10.36,10.01,10.03,19115633
FCX,2015-08-14,00:00:00,10.19,10.28,9.96,10.07,27176612
FCX,2015-08-13,00:00:00,10.05,10.38,9.88,10.25,35707667
FCX,2015-08-12,00:00:00,11.05,11.06,10.00,10.22,47011622
FCX,2015-08-11,00:00:00,10.11,11.69,10.10,11.65,40044705
FCX,2015-08-10,00:00:00,11.07,11.25,10.48,10.53,26792244
FCX,2015-08-07,00:00:00,10.84,11.30,10.72,11.21,28172348
FCX,2015-08-06,00:00:00,11.47,11.87,10.90,10.93,41019214
FCX,2015-08-05,00:00:00,11.52,11.68,10.93,11.04,22773461
FCX,2015-08-04,00:00:00,11.64,11.67,11.12,11.20,22812574
FCX,2015-08-03,00:00:00,12.10,12.15,11.58,11.75,18926693
FCX,2015-07-31,00:00:00,12.30,12.49,11.57,11.84,29185421
FCX,2015-07-30,00:00:00,12.36,12.60,12.18,12.50,32226340
FCX,2015-07-29,00:00:00,11.76,12.69,11.62,12.33,51813331
FCX,2015-07-28,00:00:00,11.95,12.56,11.16,11.37,64856680
FCX,2015-07-27,00:00:00,13.45,13.46,12.17,12.29,56994289
FCX,2015-07-24,00:00:00,15.32,15.39,13.30,13.64,60229713
FCX,2015-07-23,00:00:00,15.51,15.56,14.86,15.06,28339646
FCX,2015-07-22,00:00:00,15.25,16.25,15.20,15.72,27647883
FCX,2015-07-21,00:00:00,15.51,15.67,14.91,15.05,35635032
FCX,2015-07-20,00:00:00,16.17,16.17,15.55,15.88,18846972
FCX,2015-07-17,00:00:00,16.65,16.67,16.10,16.30,12697872
FCX,2015-07-16,00:00:00,17.11,17.16,16.27,16.41,17214995
FCX,2015-07-15,00:00:00,16.73,17.21,16.60,17.11,14889466
FCX,2015-07-14,00:00:00,16.59,17.01,16.26,16.92,16280907
FCX,2015-07-13,00:00:00,17.30,17.50,16.66,16.74,14907697
FCX,2015-07-10,00:00:00,17.17,17.34,16.76,16.78,17844552
FCX,2015-07-09,00:00:00,17.15,17.29,16.35,16.50,20571941
FCX,2015-07-08,00:00:00,17.37,17.37,16.00,17.25,44548096
FCX,2015-07-07,00:00:00,17.89,18.12,17.51,17.84,18450828
FCX,2015-07-06,00:00:00,18.60,18.84,18.27,18.40,13265693
FCX,2015-07-02,00:00:00,18.58,18.81,18.21,18.40,14112866
FCX,2015-07-01,00:00:00,19.48,19.52,18.51,18.62,22002794
FCX,2015-06-30,00:00:00,19.70,19.96,19.36,19.38,13466283
FCX,2015-06-29,00:00:00,19.63,20.06,19.53,19.94,17434856
FCX,2015-06-26,00:00:00,20.40,20.66,19.57,19.74,17142496
FCX,2015-06-25,00:00:00,20.16,21.17,20.15,20.56,23128274
FCX,2015-06-24,00:00:00,19.40,20.15,19.38,20.11,16277914
FCX,2015-06-23,00:00:00,19.70,19.80,19.39,19.40,12619545
FCX,2015-06-22,00:00:00,19.91,20.03,19.68,19.77,15734698
FCX,2015-06-19,00:00:00,20.25,20.35,19.72,20.13,12247982
FCX,2015-06-18,00:00:00,19.96,20.13,19.54,20.02,10482957
FCX,2015-06-17,00:00:00,19.56,19.93,19.31,19.80,10145856
FCX,2015-06-16,00:00:00,19.43,19.95,19.42,19.59,17871665
FCX,2015-06-15,00:00:00,19.85,19.87,19.52,19.81,9426628
FCX,2015-06-12,00:00:00,20.36,20.40,19.80,19.93,12578945
FCX,2015-06-11,00:00:00,20.54,20.78,20.45,20.56,15533919
FCX,2015-06-10,00:00:00,19.60,20.22,19.53,20.02,15810277
FCX,2015-06-09,00:00:00,19.90,19.90,19.28,19.40,11498512
FCX,2015-06-08,00:00:00,19.36,19.76,19.26,19.65,10893225
FCX,2015-06-05,00:00:00,19.65,19.70,19.40,19.52,14532351
FCX,2015-06-04,00:00:00,20.46,20.65,19.80,19.87,17067484
FCX,2015-06-03,00:00:00,19.52,20.68,19.51,20.46,16644017
FCX,2015-06-02,00:00:00,19.75,19.75,19.30,19.35,11548694
FCX,2015-06-01,00:00:00,20.05,20.07,19.65,19.65,13437756
FCX,2015-05-29,00:00:00,20.07,20.24,19.72,20.16,13264672
FCX,2015-05-28,00:00:00,20.03,20.36,19.90,20.15,14151411
FCX,2015-05-27,00:00:00,20.70,20.75,19.87,20.08,27660894
FCX,2015-05-26,00:00:00,21.19,21.30,20.90,20.99,12275153
FCX,2015-05-22,00:00:00,21.24,21.56,20.85,21.35,17040382
FCX,2015-05-21,00:00:00,21.38,21.38,20.88,21.08,12735264
FCX,2015-05-20,00:00:00,21.72,21.85,21.20,21.29,22237977
FCX,2015-05-19,00:00:00,22.64,22.68,22.04,22.13,12559170
FCX,2015-05-18,00:00:00,22.77,22.96,22.47,22.83,9022087
FCX,2015-05-15,00:00:00,22.78,23.30,22.66,22.80,14059796
FCX,2015-05-14,00:00:00,22.82,23.00,22.46,22.61,14307626
FCX,2015-05-13,00:00:00,22.98,23.10,22.66,22.73,13758690
FCX,2015-05-12,00:00:00,23.40,23.60,22.87,22.97,15975587
FCX,2015-05-11,00:00:00,23.27,23.61,23.12,23.29,15817827
FCX,2015-05-08,00:00:00,22.74,23.02,22.48,22.91,15409455
FCX,2015-05-07,00:00:00,23.65,23.67,23.04,23.26,13922828
FCX,2015-05-06,00:00:00,23.57,23.75,23.23,23.35,16120266
FCX,2015-05-05,00:00:00,23.82,23.97,23.25,23.39,13367871
FCX,2015-05-04,00:00:00,23.38,23.95,23.29,23.66,20194880
FCX,2015-05-01,00:00:00,22.68,23.66,22.42,23.27,25088286
FCX,2015-04-30,00:00:00,22.46,23.10,22.39,22.89,21399501
FCX,2015-04-29,00:00:00,22.46,22.82,22.33,22.68,32509861
FCX,2015-04-28,00:00:00,21.25,22.12,21.16,21.82,26042643
FCX,2015-04-27,00:00:00,20.45,21.27,20.44,20.82,23043247
FCX,2015-04-24,00:00:00,19.83,20.57,19.55,20.07,26085538
FCX,2015-04-23,00:00:00,20.45,20.79,20.20,20.57,15813862
FCX,2015-04-22,00:00:00,20.56,20.62,20.04,20.23,19519108
FCX,2015-04-21,00:00:00,20.65,21.19,20.55,20.66,15294790
FCX,2015-04-20,00:00:00,20.51,20.77,20.36,20.67,17250388
FCX,2015-04-17,00:00:00,20.72,21.21,20.49,20.83,25937764
FCX,2015-04-16,00:00:00,19.04,21.07,19.03,20.67,42863488
FCX,2015-04-15,00:00:00,18.45,18.97,18.27,18.95,16930773
FCX,2015-04-14,00:00:00,18.41,18.47,18.11,18.26,10781565
FCX,2015-04-13,00:00:00,18.74,18.90,18.23,18.30,13735954
FCX,2015-04-10,00:00:00,18.71,19.20,18.67,18.78,12318362
FCX,2015-04-09,00:00:00,19.28,19.40,18.79,18.82,11944069
FCX,2015-04-08,00:00:00,19.22,19.34,18.93,18.98,12555861
FCX,2015-04-07,00:00:00,19.27,19.40,19.14,19.15,13762910
FCX,2015-04-06,00:00:00,18.80,19.07,18.74,19.00,14145924
FCX,2015-04-02,00:00:00,19.10,19.30,18.79,18.97,24332182
FCX,2015-04-01,00:00:00,19.21,19.21,18.79,18.95,25410075
FCX,2015-03-31,00:00:00,18.85,19.56,18.81,19.38,15991076
FCX,2015-03-30,00:00:00,19.10,19.14,18.66,18.80,20855388
FCX,2015-03-27,00:00:00,19.54,20.00,19.26,19.50,21683388
FCX,2015-03-26,00:00:00,19.16,19.55,18.99,19.09,21116120
FCX,2015-03-25,00:00:00,18.85,19.43,18.53,19.18,36498436
FCX,2015-03-24,00:00:00,18.60,19.43,18.52,19.33,22830045
FCX,2015-03-23,00:00:00,17.38,18.83,17.36,18.41,39102918
FCX,2015-03-20,00:00:00,18.04,18.05,17.09,17.26,24104055
FCX,2015-03-19,00:00:00,17.12,18.39,17.02,18.23,24497980
FCX,2015-03-18,00:00:00,17.77,17.85,17.36,17.42,20520158
FCX,2015-03-17,00:00:00,18.05,18.28,17.53,17.97,17290038
FCX,2015-03-16,00:00:00,18.52,18.52,17.88,18.14,18202946
FCX,2015-03-13,00:00:00,19.38,19.63,18.81,18.89,13714432
FCX,2015-03-12,00:00:00,18.84,18.88,18.27,18.81,13763324
FCX,2015-03-11,00:00:00,19.07,19.44,18.80,18.84,15698112
FCX,2015-03-10,00:00:00,19.32,19.77,19.32,19.62,10402525
FCX,2015-03-09,00:00:00,19.99,20.15,19.34,19.44,20089239
FCX,2015-03-06,00:00:00,20.88,20.92,20.14,20.19,17984482
FCX,2015-03-05,00:00:00,20.65,20.97,20.12,20.87,19095848
FCX,2015-03-04,00:00:00,20.99,21.63,20.97,20.99,11164402
FCX,2015-03-03,00:00:00,21.45,21.45,20.75,21.13,15066557
FCX,2015-03-02,00:00:00,21.26,21.79,21.08,21.63,12563679
FCX,2015-02-27,00:00:00,21.90,21.90,21.04,21.11,14163830
FCX,2015-02-26,00:00:00,21.27,21.66,21.08,21.50,11321083
FCX,2015-02-25,00:00:00,21.07,21.40,20.85,21.22,12362156
FCX,2015-02-24,00:00:00,21.07,21.07,20.38,20.59,15354139
FCX,2015-02-23,00:00:00,21.12,21.30,20.91,21.28,12715489
FCX,2015-02-20,00:00:00,20.96,21.26,20.91,21.11,18731503
FCX,2015-02-19,00:00:00,20.87,21.58,20.67,21.29,19412374
FCX,2015-02-18,00:00:00,20.11,21.16,19.96,20.95,27489653
FCX,2015-02-17,00:00:00,19.77,20.50,19.76,20.29,19529873
FCX,2015-02-13,00:00:00,19.01,19.57,18.93,19.47,17414758
FCX,2015-02-12,00:00:00,18.66,18.75,18.07,18.60,18740175
FCX,2015-02-11,00:00:00,19.25,19.26,18.48,18.71,16436650
FCX,2015-02-10,00:00:00,18.93,19.78,18.85,19.51,19437696
FCX,2015-02-09,00:00:00,19.24,19.48,18.83,18.85,22368195
FCX,2015-02-06,00:00:00,18.23,19.62,18.11,19.59,35384073
FCX,2015-02-05,00:00:00,18.46,18.55,18.01,18.29,22443861
FCX,2015-02-04,00:00:00,18.30,19.26,18.14,18.98,33141642
FCX,2015-02-03,00:00:00,16.98,17.50,16.81,17.45,21217923
FCX,2015-02-02,00:00:00,16.74,17.26,16.61,16.81,27276030
FCX,2015-01-30,00:00:00,17.42,17.42,16.43,16.83,33264381
FCX,2015-01-29,00:00:00,18.28,18.32,17.40,17.42,27404493
FCX,2015-01-28,00:00:00,18.20,18.86,18.01,18.38,33844730
FCX,2015-01-27,00:00:00,19.15,19.61,18.96,19.56,16288157
FCX,2015-01-26,00:00:00,19.76,19.86,19.19,19.24,23160563
FCX,2015-01-23,00:00:00,20.48,20.56,19.74,20.02,19039488
FCX,2015-01-22,00:00:00,19.11,20.06,19.09,19.85,21354915
FCX,2015-01-21,00:00:00,19.24,19.35,18.86,19.27,16892896
FCX,2015-01-20,00:00:00,18.63,19.32,18.57,19.24,25455687
FCX,2015-01-16,00:00:00,19.08,19.30,18.32,18.33,25351462
FCX,2015-01-15,00:00:00,19.26,19.36,17.85,18.74,60272114
FCX,2015-01-14,00:00:00,22.58,22.70,20.95,21.04,30072119
FCX,2015-01-13,00:00:00,23.02,23.17,22.44,23.07,15452272
FCX,2015-01-12,00:00:00,23.52,23.61,23.08,23.45,9904233
FCX,2015-01-09,00:00:00,23.05,23.50,22.82,23.37,10959110
FCX,2015-01-08,00:00:00,22.80,22.90,22.39,22.86,11749699
FCX,2015-01-07,00:00:00,22.20,22.79,22.11,22.53,15756763
FCX,2015-01-06,00:00:00,23.07,23.07,21.95,22.15,23786919
FCX,2015-01-05,00:00:00,23.35,23.72,23.28,23.55,9331216
FCX,2015-01-02,00:00:00,23.55,23.67,23.19,23.36,12414512
FCX,2014-12-31,00:00:00,23.27,23.77,23.24,23.58,14736631
FCX,2014-12-30,00:00:00,23.58,23.75,23.19,23.26,12152461
FCX,2014-12-29,00:00:00,23.05,23.89,23.01,23.51,11115330
FCX,2014-12-26,00:00:00,22.67,23.00,22.51,22.91,5623270
FCX,2014-12-24,00:00:00,22.64,23.18,22.52,22.84,11175829
FCX,2014-12-23,00:00:00,23.48,23.52,22.36,22.55,14568392
FCX,2014-12-22,00:00:00,22.90,23.47,22.71,23.40,23998380
FCX,2014-12-19,00:00:00,22.59,22.83,22.16,22.82,21206746
FCX,2014-12-18,00:00:00,21.29,22.24,21.22,22.13,22364904
FCX,2014-12-17,00:00:00,21.27,21.95,20.94,21.19,23220421
FCX,2014-12-16,00:00:00,22.09,22.12,21.03,21.03,22011513
FCX,2014-12-15,00:00:00,22.98,22.99,21.77,21.78,27925288
FCX,2014-12-12,00:00:00,23.33,23.82,22.86,22.98,26720436
FCX,2014-12-11,00:00:00,24.92,25.01,23.95,23.96,16762156
FCX,2014-12-10,00:00:00,24.64,25.13,24.38,25.13,21678535
FCX,2014-12-09,00:00:00,25.92,26.15,25.07,25.13,14821327
FCX,2014-12-08,00:00:00,26.22,26.37,25.84,26.01,9935791
FCX,2014-12-05,00:00:00,26.60,26.84,26.29,26.43,8874870
FCX,2014-12-04,00:00:00,26.13,26.89,26.06,26.70,14662664
FCX,2014-12-03,00:00:00,25.76,26.49,25.45,25.87,17127590
FCX,2014-12-02,00:00:00,26.71,26.75,25.50,26.20,21161543
FCX,2014-12-01,00:00:00,27.36,27.38,26.64,26.85,21626481
FCX,2014-11-28,00:00:00,29.26,29.68,29.14,29.34,7975084
FCX,2014-11-26,00:00:00,29.06,29.38,29.05,29.28,7990656
FCX,2014-11-25,00:00:00,29.71,29.75,29.01,29.11,10754023
FCX,2014-11-24,00:00:00,29.75,29.92,29.25,29.59,17097695
FCX,2014-11-21,00:00:00,27.80,28.62,27.75,28.57,8810237
FCX,2014-11-20,00:00:00,28.18,28.26,27.67,28.08,9737907
FCX,2014-11-19,00:00:00,28.50,28.60,28.02,28.19,11127478
FCX,2014-11-18,00:00:00,28.23,28.58,27.97,28.42,10184790
FCX,2014-11-17,00:00:00,27.76,28.34,27.60,28.30,12669380
FCX,2014-11-14,00:00:00,28.61,28.71,27.82,27.90,11509580
FCX,2014-11-13,00:00:00,28.48,28.98,28.40,28.56,11476761
FCX,2014-11-12,00:00:00,27.95,28.51,27.90,28.43,10499055
FCX,2014-11-11,00:00:00,28.39,28.55,27.95,28.02,11418634
FCX,2014-11-10,00:00:00,27.75,28.39,27.75,28.34,14414204
FCX,2014-11-07,00:00:00,27.21,27.78,27.07,27.57,13550360
FCX,2014-11-06,00:00:00,27.72,27.82,27.10,27.13,16168823
FCX,2014-11-05,00:00:00,27.68,28.14,27.60,27.79,10305044
FCX,2014-11-04,00:00:00,28.70,28.78,27.60,27.79,18725796
FCX,2014-11-03,00:00:00,28.20,28.53,27.72,28.50,14970960
FCX,2014-10-31,00:00:00,28.63,28.64,28.06,28.08,16474537
FCX,2014-10-30,00:00:00,29.22,29.41,28.70,28.99,25454710
FCX,2014-10-29,00:00:00,29.98,30.04,28.64,29.03,27699868
FCX,2014-10-28,00:00:00,30.47,30.60,30.19,30.29,15259117
FCX,2014-10-27,00:00:00,30.76,30.96,30.56,30.80,10725594
FCX,2014-10-24,00:00:00,31.02,31.18,30.76,30.96,10839499
FCX,2014-10-23,00:00:00,31.57,31.68,30.89,30.89,10494080
FCX,2014-10-22,00:00:00,31.60,31.75,31.28,31.50,11306051
FCX,2014-10-21,00:00:00,30.55,30.94,30.46,30.76,9478623
FCX,2014-10-20,00:00:00,30.64,30.94,30.34,30.34,12102673
FCX,2014-10-17,00:00:00,29.49,30.75,29.42,30.24,13671089
FCX,2014-10-16,00:00:00,30.40,30.50,29.43,30.03,20231764
FCX,2014-10-15,00:00:00,31.12,31.54,30.62,30.79,12610086
FCX,2014-10-14,00:00:00,31.06,31.60,30.70,30.72,11839063
FCX,2014-10-13,00:00:00,30.78,31.47,30.46,30.66,13808660
FCX,2014-10-10,00:00:00,32.34,32.35,31.04,31.14,13007579
FCX,2014-10-09,00:00:00,31.67,32.34,31.26,32.30,11356832
FCX,2014-10-08,00:00:00,32.19,32.42,31.57,31.60,12799560
FCX,2014-10-07,00:00:00,32.46,32.91,31.95,32.49,15101202
FCX,2014-10-06,00:00:00,32.17,32.43,31.84,32.32,12907069
FCX,2014-10-03,00:00:00,31.90,32.12,31.25,32.07,14230744
FCX,2014-10-02,00:00:00,32.80,32.80,31.84,31.88,13884645
FCX,2014-10-01,00:00:00,32.69,32.78,32.29,32.65,12312425
FCX,2014-09-30,00:00:00,32.42,32.75,32.30,32.40,7360380
FCX,2014-09-29,00:00:00,32.65,32.92,32.58,32.87,5333803
FCX,2014-09-26,00:00:00,32.99,33.00,32.44,32.67,9216405
FCX,2014-09-25,00:00:00,33.10,33.40,32.80,33.25,10397987
FCX,2014-09-24,00:00:00,33.04,33.21,32.64,32.96,9104733
FCX,2014-09-23,00:00:00,33.63,33.69,33.08,33.17,10698241
FCX,2014-09-22,00:00:00,34.36,34.38,33.80,34.06,8586804
FCX,2014-09-19,00:00:00,34.41,34.65,34.17,34.31,9330697
FCX,2014-09-18,00:00:00,34.87,34.90,34.40,34.51,8450390
FCX,2014-09-17,00:00:00,34.30,35.10,34.12,34.89,9558009
FCX,2014-09-16,00:00:00,34.24,34.39,34.11,34.32,4812009
FCX,2014-09-15,00:00:00,34.39,34.61,34.10,34.24,6369856
FCX,2014-09-12,00:00:00,34.35,34.73,34.12,34.56,6753675
FCX,2014-09-11,00:00:00,34.35,34.62,33.91,34.56,7830138
FCX,2014-09-10,00:00:00,34.68,35.00,34.20,34.44,7772759
FCX,2014-09-09,00:00:00,34.96,35.02,34.74,34.91,7045362
FCX,2014-09-08,00:00:00,35.16,35.19,34.73,35.02,12034646
FCX,2014-09-05,00:00:00,35.32,35.67,35.05,35.22,6082931
FCX,2014-09-04,00:00:00,35.62,35.66,35.21,35.30,6495134
FCX,2014-09-03,00:00:00,36.04,36.22,35.45,35.49,10918628
FCX,2014-09-02,00:00:00,36.30,36.48,36.16,36.37,4573136
FCX,2014-08-29,00:00:00,36.14,36.17,35.63,36.16,7663173
FCX,2014-08-28,00:00:00,36.58,36.65,36.26,36.44,5740829
FCX,2014-08-27,00:00:00,36.54,36.62,36.30,36.39,6707508
FCX,2014-08-26,00:00:00,36.58,36.76,36.40,36.47,4373218
FCX,2014-08-25,00:00:00,36.62,36.62,36.30,36.44,4128320
FCX,2014-08-22,00:00:00,36.86,36.90,36.45,36.68,5189054
FCX,2014-08-21,00:00:00,36.42,37.10,36.38,36.98,9754010
FCX,2014-08-20,00:00:00,36.27,36.57,36.12,36.29,5843813
FCX,2014-08-19,00:00:00,36.10,36.39,36.00,36.37,6405559
FCX,2014-08-18,00:00:00,36.14,36.14,35.70,36.10,6985642
FCX,2014-08-15,00:00:00,35.95,36.08,35.78,36.05,8077439
FCX,2014-08-14,00:00:00,36.83,36.87,36.32,36.39,7134615
FCX,2014-08-13,00:00:00,36.74,37.07,36.68,36.88,4622109
FCX,2014-08-12,00:00:00,36.91,37.07,36.67,36.90,6954700
FCX,2014-08-11,00:00:00,36.13,36.57,36.01,36.49,5753229
FCX,2014-08-08,00:00:00,36.83,37.00,35.72,36.15,12685769
FCX,2014-08-07,00:00:00,36.59,37.53,36.57,36.70,9300574
FCX,2014-08-06,00:00:00,36.90,37.15,36.70,36.93,5929598
FCX,2014-08-05,00:00:00,37.03,37.32,36.84,37.24,6426558
FCX,2014-08-04,00:00:00,37.12,37.42,36.47,36.78,10008788
FCX,2014-08-01,00:00:00,37.51,37.77,37.14,37.22,8276286
FCX,2014-07-31,00:00:00,38.09,38.22,37.67,37.88,6046047
FCX,2014-07-30,00:00:00,38.04,38.26,37.88,37.91,7732231
FCX,2014-07-29,00:00:00,38.05,38.20,37.72,38.06,7512955
FCX,2014-07-28,00:00:00,37.43,38.22,37.35,37.99,11138830
FCX,2014-07-25,00:00:00,38.12,38.14,37.30,37.53,16150348
FCX,2014-07-24,00:00:00,38.70,39.05,38.28,38.55,11631592
FCX,2014-07-23,00:00:00,38.91,39.04,38.67,38.72,9733805
FCX,2014-07-22,00:00:00,38.30,38.75,38.27,38.67,7194850
FCX,2014-07-21,00:00:00,38.55,38.61,38.12,38.35,8637060
FCX,2014-07-18,00:00:00,38.60,38.85,38.33,38.50,14014497
FCX,2014-07-17,00:00:00,38.62,39.00,38.62,38.83,8486958
FCX,2014-07-16,00:00:00,38.69,38.87,38.00,38.29,11095516
FCX,2014-07-15,00:00:00,38.63,38.73,38.51,38.70,6388381
FCX,2014-07-14,00:00:00,38.63,38.81,38.31,38.71,9705647
FCX,2014-07-11,00:00:00,38.77,39.32,38.51,38.86,13146937
FCX,2014-07-10,00:00:00,38.95,39.30,38.74,39.04,11054497
FCX,2014-07-09,00:00:00,38.48,38.90,38.43,38.74,12041419
FCX,2014-07-08,00:00:00,38.47,38.90,38.29,38.67,12834220
FCX,2014-07-07,00:00:00,38.16,38.59,38.04,38.51,12172045
FCX,2014-07-03,00:00:00,37.03,37.99,36.99,37.83,14137327
FCX,2014-07-02,00:00:00,36.88,37.32,36.83,36.85,11556366
FCX,2014-07-01,00:00:00,35.98,36.51,35.66,36.50,11355359
FCX,2014-06-30,00:00:00,35.64,36.14,35.58,36.07,8689358
FCX,2014-06-27,00:00:00,35.79,35.93,35.48,35.70,6065089
FCX,2014-06-26,00:00:00,35.61,36.04,35.46,35.77,7313500
FCX,2014-06-25,00:00:00,35.96,36.15,35.56,35.66,8812307
FCX,2014-06-24,00:00:00,35.02,36.12,35.00,36.04,13584460
FCX,2014-06-23,00:00:00,34.56,34.91,34.36,34.86,8908775
FCX,2014-06-20,00:00:00,34.99,34.99,34.56,34.61,7706360
FCX,2014-06-19,00:00:00,34.08,34.84,33.90,34.79,7674790
FCX,2014-06-18,00:00:00,33.96,34.11,33.80,34.05,5181585
FCX,2014-06-17,00:00:00,34.06,34.10,33.80,34.00,4635520
FCX,2014-06-16,00:00:00,33.56,34.09,33.39,33.97,6436432
FCX,2014-06-13,00:00:00,33.87,34.01,33.52,33.67,7158374
FCX,2014-06-12,00:00:00,34.30,34.34,33.92,34.08,6363109
FCX,2014-06-11,00:00:00,34.54,34.68,34.08,34.36,8408235
FCX,2014-06-10,00:00:00,34.83,34.96,34.51,34.66,7586503
FCX,2014-06-09,00:00:00,34.52,34.98,34.33,34.93,7249744
FCX,2014-06-06,00:00:00,34.51,34.93,34.36,34.77,7490776
FCX,2014-06-05,00:00:00,33.97,34.62,33.84,34.51,8947322
FCX,2014-06-04,00:00:00,33.94,34.09,33.78,34.07,4343258
FCX,2014-06-03,00:00:00,34.32,34.34,33.98,34.12,6484761
FCX,2014-06-02,00:00:00,33.94,34.08,33.67,34.05,10745643
FCX,2014-05-30,00:00:00,33.85,34.39,33.81,34.27,6381972
FCX,2014-05-29,00:00:00,34.00,34.02,33.43,33.83,8029520
FCX,2014-05-28,00:00:00,34.44,34.46,33.91,33.96,6864647
FCX,2014-05-27,00:00:00,34.49,34.57,34.27,34.43,6173327
FCX,2014-05-23,00:00:00,34.42,34.52,34.21,34.30,6503571
FCX,2014-05-22,00:00:00,34.33,34.62,34.13,34.26,6908096
FCX,2014-05-21,00:00:00,34.87,34.87,34.17,34.44,10030459
FCX,2014-05-20,00:00:00,35.13,35.29,34.93,35.05,5532042
FCX,2014-05-19,00:00:00,35.20,35.21,34.52,34.99,8784745
FCX,2014-05-16,00:00:00,35.32,35.47,34.92,35.21,8285218
FCX,2014-05-15,00:00:00,35.63,35.88,35.42,35.50,12660525
FCX,2014-05-14,00:00:00,34.91,35.82,34.86,35.56,12955085
FCX,2014-05-13,00:00:00,34.51,35.23,34.46,34.89,9810509
FCX,2014-05-12,00:00:00,33.81,33.98,33.64,33.91,6132512
FCX,2014-05-09,00:00:00,33.85,34.12,33.63,33.84,7345645
FCX,2014-05-08,00:00:00,34.05,34.28,33.86,33.99,7314908
FCX,2014-05-07,00:00:00,34.05,34.15,33.78,33.84,6739858
FCX,2014-05-06,00:00:00,34.56,34.56,34.06,34.07,7704107
FCX,2014-05-05,00:00:00,34.31,34.95,34.11,34.68,9088459
FCX,2014-05-02,00:00:00,34.22,34.48,34.04,34.17,6567665
FCX,2014-05-01,00:00:00,34.25,34.40,34.00,34.37,6133486
FCX,2014-04-30,00:00:00,33.83,34.45,33.75,34.44,9047096
FCX,2014-04-29,00:00:00,34.04,34.05,33.51,33.89,7778325
FCX,2014-04-28,00:00:00,33.95,34.34,33.68,34.01,7512697
FCX,2014-04-25,00:00:00,34.28,34.48,33.80,33.93,12376610
FCX,2014-04-24,00:00:00,33.31,33.60,33.12,33.50,7256025
FCX,2014-04-23,00:00:00,33.05,33.49,32.73,33.30,8483091
FCX,2014-04-22,00:00:00,33.07,33.09,32.64,32.98,4828804
FCX,2014-04-21,00:00:00,33.06,33.29,32.99,33.01,7186923
FCX,2014-04-17,00:00:00,33.31,33.36,32.80,33.01,6410851
FCX,2014-04-16,00:00:00,32.83,33.08,32.35,33.01,9316493
FCX,2014-04-15,00:00:00,32.87,33.33,32.65,33.30,9738070
FCX,2014-04-14,00:00:00,32.76,33.15,32.50,32.56,7899092
FCX,2014-04-11,00:00:00,34.00,34.00,32.89,33.19,12864577
FCX,2014-04-10,00:00:00,33.63,34.17,33.46,33.98,10188055
FCX,2014-04-09,00:00:00,33.18,33.99,33.14,33.62,13391506
FCX,2014-04-08,00:00:00,33.27,33.56,32.86,33.08,10664665
FCX,2014-04-07,00:00:00,33.65,33.80,33.18,33.32,9815762
FCX,2014-04-04,00:00:00,33.63,33.66,33.23,33.41,8074874
FCX,2014-04-03,00:00:00,33.26,33.67,33.14,33.32,10772074
FCX,2014-04-02,00:00:00,33.01,33.29,32.64,32.92,6962780
FCX,2014-04-01,00:00:00,33.01,33.12,32.79,33.07,6815018
FCX,2014-03-31,00:00:00,32.82,33.09,32.65,32.86,8679147
FCX,2014-03-28,00:00:00,31.81,32.77,31.81,32.41,9929204
FCX,2014-03-27,00:00:00,32.27,32.33,31.64,31.69,8995438
FCX,2014-03-26,00:00:00,31.89,32.43,31.89,32.08,8909827
FCX,2014-03-25,00:00:00,32.25,32.30,31.50,31.62,10665152
FCX,2014-03-24,00:00:00,31.52,32.31,31.26,32.31,23335884
FCX,2014-03-21,00:00:00,30.78,31.08,30.56,30.90,9039111
FCX,2014-03-20,00:00:00,31.33,31.84,30.85,31.07,14784286
FCX,2014-03-19,00:00:00,31.42,31.67,31.27,31.63,8445718
FCX,2014-03-18,00:00:00,31.27,31.78,31.15,31.50,12495739
FCX,2014-03-17,00:00:00,30.71,31.27,30.68,31.06,13581722
FCX,2014-03-14,00:00:00,30.99,31.13,30.38,30.64,11172563
FCX,2014-03-13,00:00:00,30.81,31.43,30.74,30.77,14130455
FCX,2014-03-12,00:00:00,31.45,31.62,30.54,30.71,19101550
FCX,2014-03-11,00:00:00,31.69,31.69,30.87,31.38,16093360
FCX,2014-03-10,00:00:00,33.31,33.46,32.03,32.19,24928108
FCX,2014-03-07,00:00:00,33.96,34.21,33.71,33.83,6629204
FCX,2014-03-06,00:00:00,33.51,34.14,33.28,33.91,8789769
FCX,2014-03-05,00:00:00,33.12,33.63,32.92,33.53,9434163
FCX,2014-03-04,00:00:00,32.71,33.16,32.50,32.83,17439722
FCX,2014-03-03,00:00:00,33.10,33.20,32.41,32.62,12452265
FCX,2014-02-28,00:00:00,33.38,33.51,33.15,33.47,5673353
FCX,2014-02-27,00:00:00,32.86,33.58,32.84,33.41,9284969
FCX,2014-02-26,00:00:00,33.09,33.13,32.67,32.77,14933792
FCX,2014-02-25,00:00:00,33.34,33.62,32.94,33.21,9710600
FCX,2014-02-24,00:00:00,33.84,33.99,33.34,33.36,9430997
FCX,2014-02-21,00:00:00,33.03,33.81,32.83,33.75,12063752
FCX,2014-02-20,00:00:00,33.58,34.10,33.08,33.17,11185450
FCX,2014-02-19,00:00:00,33.81,33.95,33.42,33.74,7064773
FCX,2014-02-18,00:00:00,33.32,33.95,33.18,33.75,8808441
FCX,2014-02-14,00:00:00,32.50,33.29,32.35,33.16,7522146
FCX,2014-02-13,00:00:00,33.32,33.64,32.68,32.78,10396762
FCX,2014-02-12,00:00:00,32.30,33.38,32.29,33.19,11437433
FCX,2014-02-11,00:00:00,32.40,32.48,32.13,32.23,9749610
FCX,2014-02-10,00:00:00,31.77,32.37,31.30,32.35,12856620
FCX,2014-02-07,00:00:00,31.36,31.90,31.29,31.54,10854224
FCX,2014-02-06,00:00:00,31.17,31.31,30.51,31.09,12747280
FCX,2014-02-05,00:00:00,31.30,31.48,30.91,30.94,12029945
FCX,2014-02-04,00:00:00,32.42,32.45,31.04,31.08,18971106
FCX,2014-02-03,00:00:00,32.08,32.56,31.93,32.41,12451684
FCX,2014-01-31,00:00:00,32.52,32.54,31.95,32.41,10616967
FCX,2014-01-30,00:00:00,32.51,33.06,32.26,32.34,14644071
FCX,2014-01-29,00:00:00,32.65,32.74,32.33,32.56,10019396
FCX,2014-01-28,00:00:00,32.87,32.95,31.97,32.39,11267372
FCX,2014-01-27,00:00:00,33.18,33.39,32.50,32.77,16421757
FCX,2014-01-24,00:00:00,34.37,34.37,33.16,33.68,17916069
FCX,2014-01-23,00:00:00,34.94,35.12,34.27,34.52,19040359
FCX,2014-01-22,00:00:00,35.92,36.03,35.22,35.26,23375863
FCX,2014-01-21,00:00:00,37.21,37.26,36.06,36.19,20415905
FCX,2014-01-17,00:00:00,36.79,36.92,36.44,36.91,11010333
FCX,2014-01-16,00:00:00,36.13,36.66,36.08,36.61,11223907
FCX,2014-01-15,00:00:00,35.45,36.18,35.18,36.12,12083867
FCX,2014-01-14,00:00:00,35.72,35.91,35.48,35.63,13994358
FCX,2014-01-13,00:00:00,35.99,36.23,35.68,36.17,9822805
FCX,2014-01-10,00:00:00,36.23,36.34,35.44,35.71,10939886
FCX,2014-01-09,00:00:00,36.60,36.66,36.13,36.20,11610218
FCX,2014-01-08,00:00:00,37.09,37.23,36.56,36.66,8747041
FCX,2014-01-07,00:00:00,37.07,37.22,36.80,37.02,9731076
FCX,2014-01-06,00:00:00,37.50,37.77,37.24,37.32,7291479
FCX,2014-01-03,00:00:00,37.69,38.09,37.44,37.63,9047737
FCX,2014-01-02,00:00:00,37.56,37.98,37.40,37.74,7104474
FCX,2013-12-31,00:00:00,37.56,38.00,37.39,37.67,9713119
FCX,2013-12-30,00:00:00,36.97,37.63,36.94,37.50,9026400
FCX,2013-12-27,00:00:00,36.35,37.04,36.35,36.96,10345486
FCX,2013-12-26,00:00:00,35.84,36.47,35.76,36.30,5220576
FCX,2013-12-24,00:00:00,35.88,36.04,35.59,35.73,7822165
FCX,2013-12-23,00:00:00,35.23,35.75,35.21,35.69,11201825
FCX,2013-12-20,00:00:00,34.89,35.34,34.81,35.19,6625642
FCX,2013-12-19,00:00:00,35.10,35.33,34.57,35.18,9817368
FCX,2013-12-18,00:00:00,34.53,35.02,34.44,34.90,7639601
FCX,2013-12-17,00:00:00,34.40,34.89,34.35,34.60,10320125
FCX,2013-12-16,00:00:00,34.38,34.75,34.10,34.34,8883062
FCX,2013-12-13,00:00:00,34.50,34.67,33.94,34.29,9235145
FCX,2013-12-12,00:00:00,35.02,35.16,34.35,34.45,11167332
FCX,2013-12-11,00:00:00,34.93,35.25,34.82,34.89,8526077
FCX,2013-12-10,00:00:00,34.39,34.74,34.27,34.63,6652292
FCX,2013-12-09,00:00:00,34.61,34.82,34.12,34.25,7764362
FCX,2013-12-06,00:00:00,34.28,34.53,34.06,34.28,7583349
FCX,2013-12-05,00:00:00,34.23,34.92,34.23,34.54,9096604
FCX,2013-12-04,00:00:00,34.02,34.58,33.81,34.22,8737094
FCX,2013-12-03,00:00:00,34.68,34.68,34.07,34.26,9770280
FCX,2013-12-02,00:00:00,34.90,35.19,34.54,34.69,5404215
FCX,2013-11-29,00:00:00,35.31,35.47,34.40,34.68,12287032
FCX,2013-11-27,00:00:00,35.11,35.45,35.05,35.32,10917051
FCX,2013-11-26,00:00:00,36.03,36.04,35.58,35.79,10194760
FCX,2013-11-25,00:00:00,36.20,36.20,35.72,36.10,9326542
FCX,2013-11-22,00:00:00,36.40,36.40,35.70,36.17,7835688
FCX,2013-11-21,00:00:00,36.46,36.76,36.04,36.18,8334332
FCX,2013-11-20,00:00:00,36.42,36.74,36.12,36.40,7578567
FCX,2013-11-19,00:00:00,37.00,37.02,36.40,36.49,8348733
FCX,2013-11-18,00:00:00,36.50,37.00,36.39,36.83,11872112
FCX,2013-11-15,00:00:00,36.34,36.56,35.93,36.34,7374764
FCX,2013-11-14,00:00:00,35.19,36.36,35.04,36.33,11278682
FCX,2013-11-13,00:00:00,36.25,36.43,35.57,35.90,9002763
FCX,2013-11-12,00:00:00,36.43,36.57,36.07,36.46,8354960
FCX,2013-11-11,00:00:00,35.65,36.59,35.60,36.58,9522649
FCX,2013-11-08,00:00:00,37.04,37.09,35.79,35.93,17184994
FCX,2013-11-07,00:00:00,37.24,37.51,36.92,37.08,8216701
FCX,2013-11-06,00:00:00,37.28,37.50,36.91,37.19,8581706
FCX,2013-11-05,00:00:00,36.89,37.42,36.87,37.40,10318224
FCX,2013-11-04,00:00:00,36.87,37.06,36.41,36.78,10320867
FCX,2013-11-01,00:00:00,37.11,37.64,36.72,36.76,12085959
FCX,2013-10-31,00:00:00,37.74,38.00,36.76,37.28,12548826
FCX,2013-10-30,00:00:00,37.69,37.88,37.46,37.68,10793002
FCX,2013-10-29,00:00:00,37.50,37.62,36.89,37.27,10693067
FCX,2013-10-28,00:00:00,37.25,37.50,36.92,37.44,10741045
FCX,2013-10-25,00:00:00,36.60,37.64,36.53,37.41,19445622
FCX,2013-10-24,00:00:00,35.96,36.74,35.90,36.63,17169557
FCX,2013-10-23,00:00:00,36.30,36.78,36.00,36.36,28641127
FCX,2013-10-22,00:00:00,34.92,35.25,34.78,35.04,9674377
FCX,2013-10-21,00:00:00,34.98,35.18,34.71,34.89,15430723
FCX,2013-10-18,00:00:00,34.18,34.82,34.17,34.71,14630983
FCX,2013-10-17,00:00:00,34.14,34.33,33.77,34.13,9633528
FCX,2013-10-16,00:00:00,33.84,34.34,33.80,34.04,10693009
FCX,2013-10-15,00:00:00,33.40,34.14,33.33,33.87,9174928
FCX,2013-10-14,00:00:00,32.78,33.58,32.77,33.44,9036836
FCX,2013-10-11,00:00:00,33.01,33.49,32.68,33.23,10173367
FCX,2013-10-10,00:00:00,32.80,33.16,32.34,32.88,10921480
FCX,2013-10-09,00:00:00,33.57,33.62,32.82,32.90,10028949
FCX,2013-10-08,00:00:00,33.42,33.84,33.36,33.45,11102304
FCX,2013-10-07,00:00:00,33.23,34.05,33.12,33.78,19977163
FCX,2013-10-04,00:00:00,33.35,33.60,32.76,33.01,8921721
FCX,2013-10-03,00:00:00,32.89,33.51,32.78,33.51,9198513
FCX,2013-10-02,00:00:00,32.48,33.12,32.39,32.92,8634180
FCX,2013-10-01,00:00:00,32.99,33.25,32.33,33.08,11518389
FCX,2013-09-30,00:00:00,33.56,33.81,33.32,33.42,7682614
FCX,2013-09-27,00:00:00,34.00,34.23,33.68,33.87,5762811
FCX,2013-09-26,00:00:00,34.03,34.33,33.58,33.83,10092066
FCX,2013-09-25,00:00:00,33.50,34.00,33.32,33.74,9880749
FCX,2013-09-24,00:00:00,34.00,34.36,33.69,33.76,13712720
FCX,2013-09-23,00:00:00,34.70,34.79,33.84,33.87,20285377
FCX,2013-09-20,00:00:00,34.86,34.99,34.19,34.60,15133947
FCX,2013-09-19,00:00:00,33.59,34.76,33.52,34.55,21080389
FCX,2013-09-18,00:00:00,33.27,33.60,33.22,33.53,11004862
FCX,2013-09-17,00:00:00,33.44,33.48,33.11,33.25,12990965
FCX,2013-09-16,00:00:00,33.25,33.26,32.83,33.04,15729936
FCX,2013-09-13,00:00:00,32.45,33.20,32.38,33.15,19503567
FCX,2013-09-12,00:00:00,31.90,33.04,31.90,32.83,17427189
FCX,2013-09-11,00:00:00,32.11,32.15,31.73,31.93,12396120
FCX,2013-09-10,00:00:00,31.37,31.96,31.33,31.84,9353788
FCX,2013-09-09,00:00:00,31.15,31.44,31.06,31.18,8693384
FCX,2013-09-06,00:00:00,31.24,31.24,30.76,30.76,9927578
FCX,2013-09-05,00:00:00,30.73,31.15,30.63,31.10,9291470
FCX,2013-09-04,00:00:00,31.07,31.25,30.94,31.12,13448945
FCX,2013-09-03,00:00:00,30.40,30.49,30.10,30.22,7383842
FCX,2013-08-30,00:00:00,30.44,30.74,30.25,30.42,8326826
FCX,2013-08-29,00:00:00,30.57,30.93,30.46,30.48,8949178
FCX,2013-08-28,00:00:00,31.22,31.54,30.43,30.60,14275392
FCX,2013-08-27,00:00:00,31.87,31.92,31.41,31.51,10218638
FCX,2013-08-26,00:00:00,31.60,31.96,31.41,31.79,10774780
FCX,2013-08-23,00:00:00,30.92,31.57,30.87,31.35,12362768
FCX,2013-08-22,00:00:00,30.83,30.83,30.21,30.36,12528999
FCX,2013-08-21,00:00:00,30.89,31.26,30.78,30.98,9139576
FCX,2013-08-20,00:00:00,31.35,31.42,30.83,30.93,11365258
FCX,2013-08-19,00:00:00,31.99,32.20,31.38,31.54,15294284
FCX,2013-08-16,00:00:00,31.21,32.06,31.11,31.92,15278210
FCX,2013-08-15,00:00:00,31.30,31.84,31.24,31.59,12604672
FCX,2013-08-14,00:00:00,31.94,31.95,31.08,31.16,14644352
FCX,2013-08-13,00:00:00,31.77,31.98,31.61,31.85,13939756
FCX,2013-08-12,00:00:00,31.11,31.99,31.00,31.61,27455094
FCX,2013-08-09,00:00:00,30.09,31.14,30.07,30.80,27949433
FCX,2013-08-08,00:00:00,29.01,29.93,28.96,29.43,18536210
FCX,2013-08-07,00:00:00,29.33,29.49,29.12,29.16,13937390
FCX,2013-08-06,00:00:00,29.17,29.25,28.91,29.02,8386779
FCX,2013-08-05,00:00:00,29.12,29.42,29.08,29.20,10543745
FCX,2013-08-02,00:00:00,28.94,29.23,28.75,29.10,14410559
FCX,2013-08-01,00:00:00,28.22,28.57,27.92,28.28,13730489
FCX,2013-07-31,00:00:00,28.64,28.65,28.02,28.21,13022179
FCX,2013-07-30,00:00:00,28.83,28.90,28.46,28.56,8993949
FCX,2013-07-29,00:00:00,28.56,28.94,28.26,28.93,13223672
FCX,2013-07-26,00:00:00,28.76,29.14,28.66,28.84,9719674
FCX,2013-07-25,00:00:00,30.01,30.07,28.72,28.88,23492910
FCX,2013-07-24,00:00:00,29.64,30.14,29.41,29.99,22792581
FCX,2013-07-23,00:00:00,29.19,29.37,28.82,29.15,17123049
FCX,2013-07-22,00:00:00,28.32,28.62,28.14,28.56,11489997
FCX,2013-07-19,00:00:00,28.25,28.43,28.08,28.17,10592141
FCX,2013-07-18,00:00:00,28.40,28.64,28.06,28.11,11973844
FCX,2013-07-17,00:00:00,28.38,28.48,28.14,28.26,8450425
FCX,2013-07-16,00:00:00,27.92,28.18,27.89,28.13,7410132
FCX,2013-07-15,00:00:00,28.50,28.50,27.91,28.05,12046613
FCX,2013-07-12,00:00:00,28.46,28.66,28.17,28.53,21362088
FCX,2013-07-11,00:00:00,28.09,28.09,27.51,27.60,11669343
FCX,2013-07-10,00:00:00,27.76,27.89,27.36,27.64,11327328
FCX,2013-07-09,00:00:00,27.50,27.55,27.14,27.46,9137449
FCX,2013-07-08,00:00:00,27.63,27.70,26.95,27.34,11425598
FCX,2013-07-05,00:00:00,27.79,27.98,27.51,27.68,6377299
FCX,2013-07-03,00:00:00,28.31,28.34,27.48,27.74,15607376
FCX,2013-07-02,00:00:00,28.62,28.75,27.91,28.27,16036953
FCX,2013-07-01,00:00:00,27.18,27.79,27.02,27.61,16307936
FCX,2013-06-28,00:00:00,27.19,27.55,27.02,27.30,12330099
FCX,2013-06-27,00:00:00,27.15,27.25,26.53,26.85,16377104
FCX,2013-06-26,00:00:00,27.26,27.41,26.92,27.26,28284393
FCX,2013-06-25,00:00:00,27.74,27.74,26.37,26.82,40726546
FCX,2013-06-24,00:00:00,28.02,28.34,27.52,28.16,33272607
FCX,2013-06-21,00:00:00,28.54,28.55,27.52,27.72,30758673
FCX,2013-06-20,00:00:00,29.39,29.97,29.19,29.19,14912134
FCX,2013-06-19,00:00:00,29.64,29.66,29.33,29.52,9178402
FCX,2013-06-18,00:00:00,29.74,29.94,29.40,29.66,11307491
FCX,2013-06-17,00:00:00,29.93,30.23,29.48,29.57,12980076
FCX,2013-06-14,00:00:00,29.59,29.76,29.24,29.71,15235562
FCX,2013-06-13,00:00:00,29.75,30.12,29.56,29.59,15059837
FCX,2013-06-12,00:00:00,30.30,30.65,30.17,30.32,30023218
FCX,2013-06-11,00:00:00,30.77,31.00,30.38,30.88,25711981
FCX,2013-06-10,00:00:00,31.30,31.30,30.47,30.92,25197817
FCX,2013-06-07,00:00:00,30.47,31.07,30.25,31.03,16625613
FCX,2013-06-06,00:00:00,30.80,30.86,30.16,30.32,15589872
FCX,2013-06-05,00:00:00,31.48,31.48,30.54,30.85,18517033
FCX,2013-06-04,00:00:00,31.04,31.49,30.92,31.47,18681441
FCX,2013-06-03,00:00:00,31.62,31.73,30.95,31.05,16169188
FCX,2013-05-31,00:00:00,31.18,31.86,31.10,31.85,35564572
FCX,2013-05-30,00:00:00,31.00,31.15,30.26,31.06,13450203
FCX,2013-05-29,00:00:00,30.72,31.08,30.53,30.89,15760498
FCX,2013-05-28,00:00:00,30.62,30.95,30.14,30.40,12675129
FCX,2013-05-24,00:00:00,30.70,31.12,30.57,30.93,19153552
FCX,2013-05-23,00:00:00,32.18,32.90,31.50,31.66,21353981
FCX,2013-05-22,00:00:00,32.98,33.08,31.94,31.98,21246298
FCX,2013-05-21,00:00:00,32.73,33.00,32.17,32.88,26041377
FCX,2013-05-20,00:00:00,32.32,32.82,32.11,32.68,16165953
FCX,2013-05-17,00:00:00,31.68,32.48,31.35,32.04,18827926
FCX,2013-05-16,00:00:00,31.24,32.09,31.16,31.76,20995435
FCX,2013-05-15,00:00:00,31.59,31.86,31.31,31.57,17593467
FCX,2013-05-14,00:00:00,32.40,32.40,31.68,31.96,14136260
FCX,2013-05-13,00:00:00,32.25,32.59,32.00,32.55,15381097
FCX,2013-05-10,00:00:00,32.78,33.25,32.42,32.62,28128826
FCX,2013-05-09,00:00:00,31.96,32.64,31.84,32.39,23737946
FCX,2013-05-08,00:00:00,31.35,31.96,31.25,31.55,17263473
FCX,2013-05-07,00:00:00,31.36,31.61,30.95,31.43,13713062
FCX,2013-05-06,00:00:00,31.49,31.75,31.13,31.13,17576261
FCX,2013-05-03,00:00:00,30.66,30.66,29.90,30.34,12107701
FCX,2013-05-02,00:00:00,30.24,30.52,29.77,30.36,18423220
FCX,2013-05-01,00:00:00,29.76,30.46,29.23,30.43,12613867
FCX,2013-04-30,00:00:00,29.75,30.19,29.44,29.90,11438804
FCX,2013-04-29,00:00:00,29.83,29.83,29.06,29.42,13587246
FCX,2013-04-26,00:00:00,30.80,30.83,29.64,29.86,32730665
FCX,2013-04-25,00:00:00,28.98,29.85,28.91,29.78,17909042
FCX,2013-04-24,00:00:00,28.58,28.79,27.91,28.52,19287262
FCX,2013-04-23,00:00:00,28.34,28.61,27.60,28.56,16072763
FCX,2013-04-22,00:00:00,28.40,28.51,27.42,28.24,20153524
FCX,2013-04-19,00:00:00,27.58,28.70,27.24,28.05,26305309
FCX,2013-04-18,00:00:00,28.98,29.03,27.52,28.00,37983454
FCX,2013-04-17,00:00:00,29.73,30.09,29.16,29.25,22109901
FCX,2013-04-16,00:00:00,30.06,30.28,29.03,29.27,44719299
FCX,2013-04-15,00:00:00,32.54,32.92,31.82,31.92,19572357
FCX,2013-04-12,00:00:00,33.31,33.41,32.68,32.79,13461749
FCX,2013-04-11,00:00:00,33.94,33.97,33.32,33.69,17721449
FCX,2013-04-10,00:00:00,32.64,34.00,32.64,33.76,22109596
FCX,2013-04-09,00:00:00,32.11,32.53,31.80,32.42,26990127
FCX,2013-04-08,00:00:00,31.48,32.18,31.17,32.10,26991642
FCX,2013-04-05,00:00:00,31.57,32.18,31.25,31.70,25736753
FCX,2013-04-04,00:00:00,31.81,32.17,31.15,31.55,17633854
FCX,2013-04-03,00:00:00,32.38,32.65,31.78,31.92,15545309
FCX,2013-04-02,00:00:00,32.99,33.02,32.11,32.38,12130222
FCX,2013-04-01,00:00:00,33.24,33.33,32.90,33.10,12301076
FCX,2013-03-28,00:00:00,32.48,33.47,32.37,33.36,14498076
FCX,2013-03-27,00:00:00,32.74,32.82,32.45,32.80,9953517
FCX,2013-03-26,00:00:00,33.14,33.15,32.42,32.59,11550922
FCX,2013-03-25,00:00:00,33.14,33.30,32.86,33.00,8171527
FCX,2013-03-22,00:00:00,33.06,33.28,32.90,32.99,10981823
FCX,2013-03-21,00:00:00,33.20,33.42,33.00,33.24,10973622
FCX,2013-03-20,00:00:00,33.49,33.53,32.65,32.98,19428121
FCX,2013-03-19,00:00:00,33.09,33.66,33.09,33.53,12663856
FCX,2013-03-18,00:00:00,33.55,34.08,33.53,33.80,15177253
FCX,2013-03-15,00:00:00,32.96,33.35,32.77,33.16,10966430
FCX,2013-03-14,00:00:00,33.41,33.53,32.91,33.08,11162015
FCX,2013-03-13,00:00:00,33.57,34.12,33.41,33.44,13246808
FCX,2013-03-12,00:00:00,33.27,33.54,32.86,33.30,9583340
FCX,2013-03-11,00:00:00,33.49,33.49,33.00,33.28,13862752
FCX,2013-03-08,00:00:00,32.92,33.26,32.72,33.08,14529308
FCX,2013-03-07,00:00:00,32.27,33.17,32.04,32.84,23482437
FCX,2013-03-06,00:00:00,31.69,32.20,31.50,31.54,15887575
FCX,2013-03-05,00:00:00,31.29,31.47,30.72,31.40,15435731
FCX,2013-03-04,00:00:00,31.67,31.74,31.32,31.49,14305692
FCX,2013-03-01,00:00:00,32.23,32.28,31.73,31.92,11976624
FCX,2013-02-28,00:00:00,31.94,32.41,31.90,32.27,10866784
FCX,2013-02-27,00:00:00,31.94,32.00,31.35,31.93,15396816
FCX,2013-02-26,00:00:00,32.59,32.63,31.46,31.51,16258228
FCX,2013-02-25,00:00:00,32.60,32.67,31.65,32.45,18166996
FCX,2013-02-22,00:00:00,32.04,32.92,31.69,32.34,20615951
FCX,2013-02-21,00:00:00,34.06,34.09,32.01,32.22,34365074
FCX,2013-02-20,00:00:00,34.98,35.17,34.13,34.26,17649879
FCX,2013-02-19,00:00:00,35.59,35.64,34.87,35.04,13722994
FCX,2013-02-15,00:00:00,35.60,35.86,35.40,35.53,7877567
FCX,2013-02-14,00:00:00,35.78,35.93,35.49,35.64,8277733
FCX,2013-02-13,00:00:00,35.32,35.89,35.12,35.67,8930294
FCX,2013-02-12,00:00:00,35.50,35.55,35.10,35.33,8358705
FCX,2013-02-11,00:00:00,35.75,35.90,35.54,35.64,11770284
FCX,2013-02-08,00:00:00,35.94,36.05,35.51,35.69,11636695
FCX,2013-02-07,00:00:00,35.46,36.26,35.45,36.09,16941421
FCX,2013-02-06,00:00:00,35.50,35.95,35.34,35.70,11466205
FCX,2013-02-05,00:00:00,35.48,35.82,35.26,35.34,9303195
FCX,2013-02-04,00:00:00,35.84,35.88,35.33,35.73,12497351
FCX,2013-02-01,00:00:00,35.08,35.38,34.92,35.25,9912334
FCX,2013-01-31,00:00:00,35.37,35.74,35.03,35.16,16231895
FCX,2013-01-30,00:00:00,34.50,35.18,34.50,35.01,12534250
FCX,2013-01-29,00:00:00,34.93,34.99,34.40,34.57,9993094
FCX,2013-01-28,00:00:00,34.94,35.09,34.34,34.87,13137183
FCX,2013-01-25,00:00:00,34.87,35.22,34.52,34.65,13212753
FCX,2013-01-24,00:00:00,35.16,35.23,34.80,35.02,12279425
FCX,2013-01-23,00:00:00,34.03,35.50,34.00,35.19,28599746
FCX,2013-01-22,00:00:00,34.35,34.43,33.57,33.64,16633880
FCX,2013-01-18,00:00:00,34.56,34.64,33.92,34.08,13453116
FCX,2013-01-17,00:00:00,34.38,34.49,34.14,34.25,11274457
FCX,2013-01-16,00:00:00,34.54,34.86,34.38,34.61,9283348
FCX,2013-01-15,00:00:00,35.00,35.27,34.53,34.72,11453362
FCX,2013-01-14,00:00:00,35.17,35.41,34.80,35.00,19074577
FCX,2013-01-11,00:00:00,35.66,35.74,35.22,35.60,18766492
FCX,2013-01-10,00:00:00,35.10,35.28,34.88,35.22,10595287
FCX,2013-01-09,00:00:00,35.22,35.49,34.74,34.97,15177601
FCX,2013-01-08,00:00:00,35.31,35.50,35.01,35.36,13721323
FCX,2013-01-07,00:00:00,34.87,35.55,34.72,35.49,12814978
FCX,2013-01-04,00:00:00,35.09,35.58,34.63,34.85,14678845
FCX,2013-01-03,00:00:00,35.35,35.40,34.75,35.17,19786043
FCX,2013-01-02,00:00:00,33.15,34.33,33.02,34.20,16232119
FCX,2012-12-31,00:00:00,33.44,33.60,33.00,33.14,12394589
FCX,2012-12-28,00:00:00,34.04,34.05,33.27,33.68,13343429
FCX,2012-12-27,00:00:00,33.61,34.15,33.61,33.92,11011689
FCX,2012-12-26,00:00:00,33.41,33.54,33.18,33.50,5949153
FCX,2012-12-24,00:00:00,33.56,33.62,33.20,33.58,19399551
FCX,2012-12-21,00:00:00,34.17,34.24,33.44,33.98,18651642
FCX,2012-12-20,00:00:00,33.92,34.20,33.81,33.95,20790912
FCX,2012-12-19,00:00:00,33.82,34.24,33.57,33.99,27613297
FCX,2012-12-18,00:00:00,33.88,33.89,33.26,33.64,18615734
FCX,2012-12-17,00:00:00,32.76,33.95,32.58,33.78,33489991
FCX,2012-12-14,00:00:00,32.38,32.74,32.20,32.48,19037409
FCX,2012-12-13,00:00:00,32.19,32.74,31.91,32.52,32421683
FCX,2012-12-12,00:00:00,32.37,32.41,31.75,31.99,23957707
FCX,2012-12-11,00:00:00,32.08,32.24,31.38,32.04,32373495
FCX,2012-12-10,00:00:00,31.17,32.60,31.10,31.70,63946772
FCX,2012-12-07,00:00:00,31.27,31.33,30.54,30.81,84814944
FCX,2012-12-06,00:00:00,32.10,33.71,31.72,32.16,153827958
FCX,2012-12-05,00:00:00,38.16,38.80,38.06,38.28,10070315
FCX,2012-12-04,00:00:00,39.25,39.30,38.36,38.40,10313228
FCX,2012-12-03,00:00:00,39.08,39.40,38.75,39.01,8291012
FCX,2012-11-30,00:00:00,39.28,39.54,38.91,39.26,12440114
FCX,2012-11-29,00:00:00,37.77,38.56,37.58,38.56,11769059
FCX,2012-11-28,00:00:00,38.73,39.09,38.41,38.49,8231803
FCX,2012-11-27,00:00:00,38.63,38.89,38.23,38.84,12729842
FCX,2012-11-26,00:00:00,38.72,39.00,38.41,38.88,4973535
FCX,2012-11-23,00:00:00,38.25,38.37,38.02,38.27,8836563
FCX,2012-11-21,00:00:00,37.97,38.90,37.77,38.26,13898981
FCX,2012-11-20,00:00:00,37.80,38.33,37.56,38.28,15859871
FCX,2012-11-19,00:00:00,37.08,37.28,36.36,36.79,21356150
FCX,2012-11-16,00:00:00,37.39,37.66,36.84,37.28,10944862
FCX,2012-11-15,00:00:00,38.50,38.66,37.20,37.41,15100883
FCX,2012-11-14,00:00:00,38.18,39.10,38.07,38.37,9910379
FCX,2012-11-13,00:00:00,38.54,38.83,38.40,38.64,8374877
FCX,2012-11-12,00:00:00,38.29,39.12,38.06,38.35,13043835
FCX,2012-11-09,00:00:00,39.25,39.45,38.41,38.67,13018725
FCX,2012-11-08,00:00:00,39.68,39.85,38.45,39.29,17039050
FCX,2012-11-07,00:00:00,39.63,40.69,39.51,40.35,11708847
FCX,2012-11-06,00:00:00,39.09,39.89,39.08,39.46,8491313
FCX,2012-11-05,00:00:00,40.67,40.84,39.22,39.26,14429944
FCX,2012-11-02,00:00:00,39.23,40.55,39.05,40.50,16607226
FCX,2012-11-01,00:00:00,39.46,39.58,38.84,38.88,8207101
FCX,2012-10-31,00:00:00,39.30,39.60,38.74,39.07,10747276
FCX,2012-10-26,00:00:00,39.31,39.62,38.84,39.19,16109064
FCX,2012-10-25,00:00:00,39.22,39.56,38.72,38.79,12188690
FCX,2012-10-24,00:00:00,39.61,39.70,38.66,38.98,18252465
FCX,2012-10-23,00:00:00,40.11,41.20,39.92,40.58,20970001
FCX,2012-10-22,00:00:00,42.16,42.48,41.11,41.18,15145940
FCX,2012-10-19,00:00:00,42.29,42.89,42.16,42.43,16647185
FCX,2012-10-18,00:00:00,41.84,42.80,41.48,42.31,16282025
FCX,2012-10-17,00:00:00,40.55,41.64,40.46,41.47,13319577
FCX,2012-10-16,00:00:00,40.00,40.36,39.50,40.29,11267287
FCX,2012-10-15,00:00:00,40.75,41.00,39.96,40.14,11989266
FCX,2012-10-12,00:00:00,40.28,41.33,40.21,40.75,15436287
FCX,2012-10-11,00:00:00,40.58,40.65,39.82,40.22,15809501
FCX,2012-10-10,00:00:00,40.71,41.56,40.63,40.67,14084870
FCX,2012-10-09,00:00:00,40.00,41.00,39.95,40.75,11301092
FCX,2012-10-08,00:00:00,40.79,41.35,40.32,40.51,14361362
FCX,2012-10-05,00:00:00,39.79,40.85,39.66,40.45,17487833
FCX,2012-10-04,00:00:00,39.89,39.90,39.05,39.41,12414278
FCX,2012-10-03,00:00:00,39.95,40.34,39.10,39.68,14303238
FCX,2012-10-02,00:00:00,40.21,40.59,39.72,39.85,11764758
FCX,2012-10-01,00:00:00,39.88,40.09,39.15,39.58,13283522
FCX,2012-09-28,00:00:00,39.79,40.24,39.15,40.11,12042411
FCX,2012-09-27,00:00:00,39.04,39.89,37.86,39.28,22612204
FCX,2012-09-26,00:00:00,40.63,40.85,39.22,39.31,17964744
FCX,2012-09-25,00:00:00,40.11,40.60,40.05,40.28,11818824
FCX,2012-09-24,00:00:00,41.80,41.80,40.55,40.65,17272178
FCX,2012-09-21,00:00:00,40.36,41.04,40.02,40.93,18165554
FCX,2012-09-20,00:00:00,41.77,41.98,41.28,41.54,12859678
FCX,2012-09-19,00:00:00,41.11,41.76,40.78,41.48,14867375
FCX,2012-09-18,00:00:00,42.08,42.52,41.21,41.41,17899979
FCX,2012-09-17,00:00:00,43.00,43.65,42.56,42.64,33365846
FCX,2012-09-14,00:00:00,39.92,42.18,39.65,41.79,28796373
FCX,2012-09-13,00:00:00,40.37,40.44,39.61,40.10,16884357
FCX,2012-09-12,00:00:00,39.80,40.34,39.31,39.93,17526165
FCX,2012-09-11,00:00:00,39.37,40.30,39.36,39.71,23350726
FCX,2012-09-10,00:00:00,37.43,39.66,37.41,39.43,39546443
FCX,2012-09-07,00:00:00,35.62,36.73,35.59,36.34,16991402
FCX,2012-09-06,00:00:00,35.82,35.83,35.02,35.25,14334232
FCX,2012-09-05,00:00:00,35.98,36.31,35.26,35.62,14423191
FCX,2012-09-04,00:00:00,35.16,36.22,34.86,36.11,15414991
FCX,2012-08-31,00:00:00,35.37,35.39,34.65,34.69,11326968
FCX,2012-08-30,00:00:00,35.65,35.69,35.14,35.58,11301135
FCX,2012-08-29,00:00:00,35.49,36.09,35.42,35.67,8492991
FCX,2012-08-28,00:00:00,36.07,36.14,35.55,35.65,9025565
FCX,2012-08-27,00:00:00,36.38,36.41,35.84,36.13,13444705
FCX,2012-08-24,00:00:00,37.26,37.47,36.55,36.77,16575835
FCX,2012-08-23,00:00:00,36.27,37.00,35.98,37.00,14514435
FCX,2012-08-22,00:00:00,36.03,37.25,35.99,36.49,25319346
FCX,2012-08-21,00:00:00,35.08,35.48,34.80,35.36,11226928
FCX,2012-08-20,00:00:00,35.63,35.84,35.26,35.34,10833697
FCX,2012-08-17,00:00:00,34.96,35.51,34.74,35.31,12259675
FCX,2012-08-16,00:00:00,34.83,34.88,34.20,34.76,12695051
FCX,2012-08-15,00:00:00,35.59,35.70,34.91,35.01,9707389
FCX,2012-08-14,00:00:00,36.13,36.55,35.31,35.48,15197461
FCX,2012-08-13,00:00:00,35.79,36.57,35.55,36.31,12976442
FCX,2012-08-10,00:00:00,35.43,36.30,35.41,36.00,13840311
FCX,2012-08-09,00:00:00,35.04,35.93,35.04,35.62,13757716
FCX,2012-08-08,00:00:00,34.80,35.63,34.65,35.27,16076284
FCX,2012-08-07,00:00:00,33.65,34.90,33.62,34.34,17925116
FCX,2012-08-06,00:00:00,33.32,33.86,33.01,33.50,12760000
FCX,2012-08-03,00:00:00,32.91,33.37,32.32,32.69,14301247
FCX,2012-08-02,00:00:00,33.58,33.49,33.49,33.49,193453
FCX,2012-08-01,00:00:00,34.03,34.30,33.56,33.67,10295895
FCX,2012-07-31,00:00:00,33.48,34.08,33.48,33.99,11877317
FCX,2012-07-30,00:00:00,32.60,33.84,32.40,33.47,25655064
FCX,2012-07-27,00:00:00,32.24,32.50,31.68,32.31,16614884
FCX,2012-07-26,00:00:00,32.15,32.24,31.08,31.43,22865203
FCX,2012-07-25,00:00:00,32.67,32.87,31.45,31.68,18352198
FCX,2012-07-24,00:00:00,32.78,33.30,32.21,32.62,19323469
FCX,2012-07-23,00:00:00,33.96,34.00,33.10,33.77,17343902
FCX,2012-07-20,00:00:00,33.38,34.76,33.17,34.42,25238000
FCX,2012-07-19,00:00:00,32.70,33.43,32.54,33.02,16515011
FCX,2012-07-18,00:00:00,33.01,33.01,32.16,32.90,13362817
FCX,2012-07-17,00:00:00,33.07,33.08,32.45,32.77,10960113
FCX,2012-07-16,00:00:00,32.61,33.40,32.54,33.23,14033449
FCX,2012-07-13,00:00:00,31.93,32.76,31.70,32.36,17779463
FCX,2012-07-12,00:00:00,32.92,33.06,32.06,32.36,23803953
FCX,2012-07-11,00:00:00,34.73,34.90,32.76,33.09,19774576
FCX,2012-07-10,00:00:00,34.88,34.96,34.27,34.53,23970602
FCX,2012-07-09,00:00:00,34.86,35.07,34.55,35.01,26093467
FCX,2012-07-06,00:00:00,35.00,36.00,34.93,35.47,28250042
FCX,2012-07-05,00:00:00,34.55,35.69,34.45,35.21,15705501
FCX,2012-07-03,00:00:00,34.02,34.24,33.30,33.88,12288405
FCX,2012-07-02,00:00:00,33.55,34.13,33.07,34.07,23317496
FCX,2012-06-29,00:00:00,31.80,32.28,31.47,32.26,13384519
FCX,2012-06-28,00:00:00,31.80,32.32,31.66,32.14,12082670
FCX,2012-06-27,00:00:00,31.87,32.15,31.41,31.61,14680202
FCX,2012-06-26,00:00:00,32.05,32.41,31.52,31.60,17019239
FCX,2012-06-25,00:00:00,33.25,33.35,32.27,32.30,32259868
FCX,2012-06-22,00:00:00,34.68,34.90,32.88,32.99,22289253
FCX,2012-06-21,00:00:00,35.00,35.65,34.68,35.31,19737244
FCX,2012-06-20,00:00:00,34.63,35.64,34.38,35.45,19204398
FCX,2012-06-19,00:00:00,34.08,34.42,33.59,34.26,12389901
FCX,2012-06-18,00:00:00,34.17,34.35,33.79,34.34,14806631
FCX,2012-06-15,00:00:00,33.38,33.96,32.90,33.90,13009641
FCX,2012-06-14,00:00:00,33.43,33.87,33.14,33.35,11522904
FCX,2012-06-13,00:00:00,33.25,33.58,32.94,33.56,13056777
FCX,2012-06-12,00:00:00,34.26,34.38,32.92,32.95,12863348
FCX,2012-06-11,00:00:00,33.17,33.95,32.80,33.83,14396394
FCX,2012-06-08,00:00:00,34.60,34.80,33.48,33.60,23896429
FCX,2012-06-07,00:00:00,33.18,34.07,33.09,33.66,18350555
FCX,2012-06-06,00:00:00,32.03,32.76,31.85,32.59,15802449
FCX,2012-06-05,00:00:00,32.14,32.37,31.28,32.33,14957526
FCX,2012-06-04,00:00:00,31.56,32.67,31.53,32.07,21898968
FCX,2012-06-01,00:00:00,32.33,32.41,31.25,32.04,15641201
FCX,2012-05-31,00:00:00,32.61,32.77,32.24,32.41,12429601
FCX,2012-05-30,00:00:00,33.10,33.65,32.83,33.23,15119114
FCX,2012-05-29,00:00:00,32.43,32.80,32.13,32.41,9952866
FCX,2012-05-25,00:00:00,32.86,33.14,31.96,32.57,15348753
FCX,2012-05-24,00:00:00,31.57,32.81,31.16,32.73,21847650
FCX,2012-05-23,00:00:00,32.51,33.17,31.94,32.13,16162618
FCX,2012-05-22,00:00:00,31.80,32.65,31.80,32.56,16787369
FCX,2012-05-21,00:00:00,32.53,32.81,31.52,31.81,18693591
FCX,2012-05-18,00:00:00,33.01,33.38,32.10,32.17,19196151
FCX,2012-05-17,00:00:00,32.95,33.92,32.45,32.57,22090774
FCX,2012-05-16,00:00:00,34.32,34.52,32.50,32.65,23479139
FCX,2012-05-15,00:00:00,34.18,35.12,34.01,34.30,17074775
FCX,2012-05-14,00:00:00,34.86,35.33,34.71,34.74,13336942
FCX,2012-05-11,00:00:00,36.07,36.29,35.18,35.31,14165965
FCX,2012-05-10,00:00:00,34.92,36.13,34.72,35.53,16080333
FCX,2012-05-09,00:00:00,35.79,35.89,34.82,35.62,18503500
FCX,2012-05-08,00:00:00,36.11,36.62,35.68,36.40,13301599
FCX,2012-05-07,00:00:00,36.50,36.68,36.01,36.40,14308226
FCX,2012-05-04,00:00:00,37.91,37.93,36.68,36.87,19404151
FCX,2012-05-03,00:00:00,37.96,38.23,37.62,38.12,15334427
FCX,2012-05-02,00:00:00,38.42,38.69,37.86,38.46,17762074
FCX,2012-05-01,00:00:00,38.03,38.60,37.37,38.30,12580837
FCX,2012-04-30,00:00:00,38.00,38.44,37.90,38.13,11598324
FCX,2012-04-27,00:00:00,37.33,38.04,37.02,37.75,13685515
FCX,2012-04-26,00:00:00,37.50,37.64,36.66,37.32,14882458
FCX,2012-04-25,00:00:00,37.25,37.45,36.71,36.99,12659767
FCX,2012-04-24,00:00:00,36.72,37.35,36.03,37.16,19449215
FCX,2012-04-23,00:00:00,38.45,38.60,37.53,37.57,16412327
FCX,2012-04-20,00:00:00,38.75,39.13,37.69,38.03,26131671
FCX,2012-04-19,00:00:00,37.62,38.64,37.39,38.29,20503990
FCX,2012-04-18,00:00:00,37.55,38.20,37.08,37.76,17772759
FCX,2012-04-17,00:00:00,37.63,37.75,36.83,36.92,14654550
FCX,2012-04-16,00:00:00,37.29,37.43,36.70,36.94,15378402
FCX,2012-04-13,00:00:00,36.15,38.01,36.02,37.89,21398908
FCX,2012-04-12,00:00:00,36.99,37.04,35.73,35.78,20895212
FCX,2012-04-11,00:00:00,37.43,37.77,36.25,36.63,18902438
FCX,2012-04-10,00:00:00,37.07,38.00,37.00,37.51,12470705
FCX,2012-04-09,00:00:00,38.02,38.57,37.65,37.80,14106595
FCX,2012-04-05,00:00:00,37.53,38.16,37.23,38.03,13707229
FCX,2012-04-04,00:00:00,39.15,39.23,38.26,38.58,17646003
FCX,2012-04-03,00:00:00,38.25,39.43,38.10,39.11,19640371
FCX,2012-04-02,00:00:00,37.97,38.15,37.23,38.04,14771516
FCX,2012-03-30,00:00:00,37.07,37.71,36.76,37.61,17777662
FCX,2012-03-29,00:00:00,38.40,38.44,36.85,37.36,30543683
FCX,2012-03-28,00:00:00,39.10,39.65,38.73,38.75,13853652
FCX,2012-03-27,00:00:00,39.01,39.24,38.44,38.88,15400585
FCX,2012-03-26,00:00:00,38.33,38.90,37.92,38.48,17400666
FCX,2012-03-23,00:00:00,39.08,39.50,37.95,38.33,24719500
FCX,2012-03-22,00:00:00,39.67,40.19,39.08,39.80,23932780
FCX,2012-03-21,00:00:00,38.38,39.20,37.90,39.15,20499904
FCX,2012-03-20,00:00:00,38.38,39.94,38.31,39.14,16500721
FCX,2012-03-19,00:00:00,38.70,39.00,38.26,38.56,22691802
FCX,2012-03-16,00:00:00,38.54,38.81,38.22,38.35,19077255
FCX,2012-03-15,00:00:00,38.99,39.09,37.75,38.12,21401162
FCX,2012-03-14,00:00:00,38.47,39.37,38.44,39.09,22633238
FCX,2012-03-13,00:00:00,38.78,39.39,37.82,38.26,19576916
FCX,2012-03-12,00:00:00,39.84,40.11,38.65,38.78,27650646
FCX,2012-03-09,00:00:00,39.66,39.73,39.06,39.50,16682853
FCX,2012-03-08,00:00:00,39.58,39.64,38.53,38.99,22607743
FCX,2012-03-07,00:00:00,39.11,39.74,38.65,39.44,26608099
FCX,2012-03-06,00:00:00,41.10,41.26,39.96,40.45,29393159
FCX,2012-03-05,00:00:00,42.76,42.88,41.07,42.03,18135217
FCX,2012-03-02,00:00:00,43.03,43.47,42.50,42.91,15091220
FCX,2012-03-01,00:00:00,43.85,44.23,42.26,42.56,20216853
FCX,2012-02-29,00:00:00,43.44,44.00,43.31,43.66,14078857
FCX,2012-02-28,00:00:00,43.46,43.66,43.11,43.31,14344946
FCX,2012-02-27,00:00:00,43.95,44.74,43.80,43.91,13329779
FCX,2012-02-24,00:00:00,44.24,44.28,43.42,43.78,13381437
FCX,2012-02-23,00:00:00,43.79,44.52,43.71,44.12,13355293
FCX,2012-02-22,00:00:00,43.85,44.57,43.53,43.97,18400217
FCX,2012-02-21,00:00:00,44.11,44.14,42.66,43.04,17333500
FCX,2012-02-17,00:00:00,42.17,44.49,41.90,43.84,23717184
FCX,2012-02-16,00:00:00,43.30,43.30,41.95,42.40,25396637
FCX,2012-02-15,00:00:00,44.22,44.49,42.53,42.96,28737714
FCX,2012-02-14,00:00:00,45.54,45.55,44.45,44.66,12300589
FCX,2012-02-13,00:00:00,45.32,45.39,44.40,44.94,16388600
FCX,2012-02-10,00:00:00,47.07,47.25,46.02,46.42,14827892
FCX,2012-02-09,00:00:00,46.34,47.28,46.27,46.53,16548862
FCX,2012-02-08,00:00:00,46.45,46.50,45.45,45.75,15477310
FCX,2012-02-07,00:00:00,45.91,46.80,45.70,46.73,12702241
FCX,2012-02-06,00:00:00,46.27,46.70,45.80,46.48,16979824
FCX,2012-02-03,00:00:00,46.44,46.80,45.41,45.51,17263826
FCX,2012-02-02,00:00:00,46.79,46.96,46.09,46.16,17137264
FCX,2012-02-01,00:00:00,46.70,46.96,45.40,46.21,18638582
FCX,2012-01-31,00:00:00,45.27,46.26,45.08,46.10,14743793
FCX,2012-01-30,00:00:00,46.23,47.44,46.07,46.13,15511129
FCX,2012-01-27,00:00:00,46.58,48.96,46.17,46.50,30466483
FCX,2012-01-26,00:00:00,43.61,46.35,43.30,46.08,23757701
FCX,2012-01-25,00:00:00,43.45,44.06,43.02,43.97,14906904
FCX,2012-01-24,00:00:00,43.46,44.15,43.20,43.88,19150055
FCX,2012-01-23,00:00:00,44.17,44.34,42.89,43.10,20552386
FCX,2012-01-20,00:00:00,44.59,44.97,43.31,44.37,30008932
FCX,2012-01-19,00:00:00,42.92,44.69,42.82,44.47,25679151
FCX,2012-01-18,00:00:00,43.06,43.29,42.42,43.07,20408809
FCX,2012-01-17,00:00:00,41.87,42.34,41.50,42.00,14086850
FCX,2012-01-13,00:00:00,42.37,42.69,41.73,42.45,17623701
FCX,2012-01-12,00:00:00,40.36,41.91,40.04,41.65,17221056
FCX,2012-01-11,00:00:00,40.54,41.19,40.25,40.60,15899909
FCX,2012-01-10,00:00:00,38.98,39.33,38.79,39.04,8247840
FCX,2012-01-09,00:00:00,39.52,39.66,38.80,38.87,9557943
FCX,2012-01-06,00:00:00,39.39,39.75,38.94,39.30,13025929
FCX,2012-01-05,00:00:00,39.16,40.00,39.00,39.83,13637238
FCX,2012-01-04,00:00:00,38.27,39.74,38.12,39.50,18654001
FCX,2012-01-03,00:00:00,36.68,37.18,36.60,36.79,8837982
FCX,2011-12-30,00:00:00,36.26,36.59,36.05,36.54,9556105
FCX,2011-12-29,00:00:00,37.83,37.99,36.28,36.31,13156425
FCX,2011-12-28,00:00:00,38.26,38.44,37.66,37.86,7648128
FCX,2011-12-27,00:00:00,38.66,38.66,38.01,38.32,7191868
FCX,2011-12-23,00:00:00,37.97,38.60,37.60,38.40,12259020
FCX,2011-12-22,00:00:00,37.59,37.97,36.96,37.75,12047589
FCX,2011-12-21,00:00:00,36.70,37.72,36.70,37.58,12511023
FCX,2011-12-20,00:00:00,36.73,37.05,35.65,35.74,13551803
FCX,2011-12-19,00:00:00,37.36,37.89,36.57,36.99,18736840
FCX,2011-12-16,00:00:00,38.01,38.32,36.68,36.87,18750814
FCX,2011-12-15,00:00:00,36.99,38.04,36.52,37.44,19760072
FCX,2011-12-14,00:00:00,39.10,39.56,37.44,37.78,18335316
FCX,2011-12-13,00:00:00,38.80,38.90,38.00,38.54,13059106
FCX,2011-12-12,00:00:00,38.33,40.24,38.15,39.73,15372511
FCX,2011-12-09,00:00:00,39.87,40.08,38.07,38.34,16676685
FCX,2011-12-08,00:00:00,40.14,40.80,39.81,40.42,13454918
FCX,2011-12-07,00:00:00,39.71,41.22,39.67,40.54,14806746
FCX,2011-12-06,00:00:00,40.21,40.68,39.92,40.23,16206129
FCX,2011-12-05,00:00:00,40.05,40.37,39.20,39.30,15038009
FCX,2011-12-02,00:00:00,39.34,40.11,38.85,39.28,13731015
FCX,2011-12-01,00:00:00,38.92,39.65,38.51,39.60,24146600
FCX,2011-11-30,00:00:00,36.28,36.83,35.77,36.48,14939760
FCX,2011-11-29,00:00:00,35.96,36.15,35.39,35.94,14915486
FCX,2011-11-28,00:00:00,34.17,34.62,33.77,33.82,7460872
FCX,2011-11-25,00:00:00,35.08,35.29,34.34,34.38,15463703
FCX,2011-11-23,00:00:00,35.89,36.39,35.35,35.64,16247314
FCX,2011-11-22,00:00:00,35.79,36.44,35.24,36.14,18506016
FCX,2011-11-21,00:00:00,37.48,37.64,36.59,36.94,17325719
FCX,2011-11-18,00:00:00,37.86,38.12,36.49,36.83,22555745
FCX,2011-11-17,00:00:00,38.95,39.21,38.05,38.22,21112929
FCX,2011-11-16,00:00:00,39.20,39.92,38.96,39.59,16245410
FCX,2011-11-15,00:00:00,39.73,40.21,39.17,39.69,18143223
FCX,2011-11-14,00:00:00,39.88,40.00,39.25,39.86,16292425
FCX,2011-11-11,00:00:00,39.49,39.82,38.37,39.20,18077814
FCX,2011-11-10,00:00:00,40.43,40.93,38.38,38.80,28791771
FCX,2011-11-09,00:00:00,41.83,42.10,40.89,41.89,19281900
FCX,2011-11-08,00:00:00,40.08,41.38,40.00,41.26,18883452
FCX,2011-11-07,00:00:00,39.88,40.50,39.41,40.32,18410645
FCX,2011-11-04,00:00:00,40.35,40.52,39.27,40.11,20225061
FCX,2011-11-03,00:00:00,40.10,40.22,38.86,39.78,20147283
FCX,2011-11-02,00:00:00,37.50,39.65,36.52,38.76,33850993
FCX,2011-11-01,00:00:00,41.00,41.63,40.24,40.26,21928096
FCX,2011-10-31,00:00:00,41.80,43.48,41.50,42.80,23513338
FCX,2011-10-28,00:00:00,42.62,43.50,41.62,42.76,41725177
FCX,2011-10-27,00:00:00,39.50,39.63,38.00,39.30,23479061
FCX,2011-10-26,00:00:00,39.31,39.44,38.00,38.21,22847418
FCX,2011-10-25,00:00:00,38.57,39.86,38.20,39.50,30743042
FCX,2011-10-24,00:00:00,35.92,36.63,35.43,36.58,27928627
FCX,2011-10-21,00:00:00,34.65,35.70,33.60,34.79,31063905
FCX,2011-10-20,00:00:00,35.17,36.35,34.21,34.38,28014201
FCX,2011-10-19,00:00:00,34.58,35.67,33.21,35.38,27248877
FCX,2011-10-18,00:00:00,36.16,36.20,34.91,35.11,23556538
FCX,2011-10-17,00:00:00,36.75,37.20,36.07,36.77,21093343
FCX,2011-10-14,00:00:00,35.50,35.50,34.16,35.24,25347185
FCX,2011-10-13,00:00:00,36.50,37.35,35.59,35.89,29881420
FCX,2011-10-12,00:00:00,34.92,36.01,34.62,35.45,22564061
FCX,2011-10-11,00:00:00,35.17,36.16,35.15,36.03,31158830
FCX,2011-10-10,00:00:00,35.55,35.72,33.57,34.01,49848823
FCX,2011-10-07,00:00:00,34.93,35.40,34.09,34.88,52406389
FCX,2011-10-06,00:00:00,31.79,34.45,31.45,34.42,38255797
FCX,2011-10-05,00:00:00,29.32,32.32,28.85,32.13,39433664
FCX,2011-10-04,00:00:00,30.21,31.56,29.85,29.87,32601010
FCX,2011-10-03,00:00:00,30.81,31.78,30.37,30.45,24985308
FCX,2011-09-30,00:00:00,33.32,33.35,30.64,31.34,39714087
FCX,2011-09-29,00:00:00,34.52,34.93,32.08,32.30,30046167
FCX,2011-09-28,00:00:00,35.88,36.24,34.55,34.82,28422244
FCX,2011-09-27,00:00:00,32.25,33.89,31.15,33.77,29015527
FCX,2011-09-26,00:00:00,31.40,33.08,31.40,32.37,23086439
FCX,2011-09-23,00:00:00,33.46,33.50,30.97,32.14,49670902
FCX,2011-09-22,00:00:00,38.08,38.10,35.56,35.59,40989902
FCX,2011-09-21,00:00:00,39.96,40.77,38.13,38.55,25605991
FCX,2011-09-20,00:00:00,40.49,40.54,39.31,40.22,18532995
FCX,2011-09-19,00:00:00,43.01,43.09,41.29,41.59,15301723
FCX,2011-09-16,00:00:00,42.48,42.72,41.50,42.54,12126605
FCX,2011-09-15,00:00:00,42.17,42.28,40.55,41.71,16771652
FCX,2011-09-14,00:00:00,41.46,42.27,40.82,42.00,12887743
FCX,2011-09-13,00:00:00,41.02,42.03,40.24,41.31,19427363
FCX,2011-09-12,00:00:00,43.51,43.66,41.51,41.99,25664079
FCX,2011-09-09,00:00:00,44.76,45.55,44.01,44.27,13767826
FCX,2011-09-08,00:00:00,45.38,45.56,44.87,45.17,15874852
FCX,2011-09-07,00:00:00,43.46,44.44,43.00,44.36,14869974
FCX,2011-09-06,00:00:00,45.15,45.55,44.54,44.94,15233138
FCX,2011-09-02,00:00:00,46.89,47.87,46.25,46.46,14531017
FCX,2011-09-01,00:00:00,47.26,48.60,46.60,47.11,21418827
FCX,2011-08-31,00:00:00,45.61,46.92,45.10,46.61,14132727
FCX,2011-08-30,00:00:00,45.11,45.89,44.72,45.81,10591501
FCX,2011-08-29,00:00:00,43.16,44.73,42.37,44.53,14705424
FCX,2011-08-26,00:00:00,44.05,44.54,43.11,43.50,14762426
FCX,2011-08-25,00:00:00,42.95,43.54,42.11,43.47,15997580
FCX,2011-08-24,00:00:00,41.95,43.05,41.55,42.89,15531683
FCX,2011-08-23,00:00:00,43.30,43.38,41.46,41.60,16110613
FCX,2011-08-22,00:00:00,41.94,44.19,41.76,41.94,20170067
FCX,2011-08-19,00:00:00,45.14,45.17,42.19,42.85,29785096
FCX,2011-08-18,00:00:00,46.20,47.59,46.15,46.61,14402069
FCX,2011-08-17,00:00:00,46.00,46.59,45.49,46.01,17518705
FCX,2011-08-16,00:00:00,45.70,46.70,45.60,46.68,13995209
FCX,2011-08-15,00:00:00,46.73,46.74,45.10,45.40,15402257
FCX,2011-08-12,00:00:00,44.30,46.48,43.66,45.82,19402938
FCX,2011-08-11,00:00:00,44.08,45.56,43.11,43.55,25774606
FCX,2011-08-10,00:00:00,43.32,45.17,41.45,45.05,33417719
FCX,2011-08-09,00:00:00,44.13,45.02,41.20,41.89,12445605
FCX,2011-08-08,00:00:00,47.68,48.46,44.03,45.99,31105121
FCX,2011-08-05,00:00:00,49.33,49.41,46.78,46.80,27265598
FCX,2011-08-04,00:00:00,51.40,51.86,49.50,50.65,19390377
FCX,2011-08-03,00:00:00,52.70,53.70,51.42,51.44,14370727
FCX,2011-08-02,00:00:00,54.38,54.55,52.42,53.17,12944614
FCX,2011-08-01,00:00:00,53.16,53.83,52.18,52.96,15667347
FCX,2011-07-29,00:00:00,54.35,54.94,54.00,54.04,11705141
FCX,2011-07-28,00:00:00,55.64,56.32,54.26,54.45,13723410
FCX,2011-07-27,00:00:00,56.07,56.78,55.43,56.08,15922004
FCX,2011-07-26,00:00:00,55.17,55.96,54.86,55.46,9495182
FCX,2011-07-25,00:00:00,55.43,55.81,54.91,55.67,11620523
FCX,2011-07-22,00:00:00,55.94,56.68,54.77,55.34,18472126
FCX,2011-07-21,00:00:00,56.46,56.50,55.47,55.92,14065473
FCX,2011-07-20,00:00:00,56.00,56.38,55.65,56.30,12831640
FCX,2011-07-19,00:00:00,55.19,55.95,54.63,55.05,14718808
FCX,2011-07-18,00:00:00,54.76,55.40,54.57,55.34,13701252
FCX,2011-07-15,00:00:00,55.30,55.50,54.00,54.25,16546159
FCX,2011-07-14,00:00:00,54.61,55.89,54.38,54.89,17646843
FCX,2011-07-13,00:00:00,53.10,55.08,53.05,54.08,18354090
FCX,2011-07-12,00:00:00,53.88,54.21,53.02,53.30,19938939
FCX,2011-07-11,00:00:00,54.62,55.24,54.16,55.12,17862877
FCX,2011-07-08,00:00:00,54.78,56.12,54.46,55.49,23578267
FCX,2011-07-07,00:00:00,53.00,53.81,52.76,53.52,13639727
FCX,2011-07-06,00:00:00,53.52,53.98,53.15,53.62,15681447
FCX,2011-07-05,00:00:00,52.85,53.50,51.97,53.50,17078362
FCX,2011-07-01,00:00:00,51.94,53.42,51.88,52.90,24254545
FCX,2011-06-30,00:00:00,51.08,52.62,50.85,51.62,24496493
FCX,2011-06-29,00:00:00,48.91,50.46,48.70,50.44,19064374
FCX,2011-06-28,00:00:00,48.13,48.83,47.40,48.69,14099199
FCX,2011-06-27,00:00:00,49.45,49.65,45.66,48.43,17761542
FCX,2011-06-24,00:00:00,47.84,49.06,47.11,48.94,21665836
FCX,2011-06-23,00:00:00,49.20,49.90,48.83,48.86,15314593
FCX,2011-06-22,00:00:00,48.05,49.38,47.98,49.24,17231766
FCX,2011-06-21,00:00:00,47.55,48.28,47.37,47.41,18384123
FCX,2011-06-20,00:00:00,48.62,48.80,47.50,47.93,17353515
FCX,2011-06-17,00:00:00,47.96,48.66,47.06,47.85,22441099
FCX,2011-06-16,00:00:00,49.61,49.84,48.09,48.53,23594973
FCX,2011-06-15,00:00:00,49.21,50.38,48.96,49.88,19839223
FCX,2011-06-14,00:00:00,49.16,49.30,47.55,48.33,17505405
FCX,2011-06-13,00:00:00,49.40,49.83,48.69,48.93,17510240
FCX,2011-06-10,00:00:00,48.72,50.40,48.51,49.85,16478014
FCX,2011-06-09,00:00:00,49.26,49.73,48.52,48.82,18164771
FCX,2011-06-08,00:00:00,50.44,50.60,49.74,49.76,15046065
FCX,2011-06-07,00:00:00,50.35,51.07,49.51,49.79,20565169
FCX,2011-06-06,00:00:00,48.90,50.50,48.40,49.93,18871166
FCX,2011-06-03,00:00:00,49.90,50.46,48.90,49.78,20880606
FCX,2011-06-02,00:00:00,51.64,51.87,49.19,49.38,25257393
FCX,2011-06-01,00:00:00,52.40,52.70,50.77,51.64,24328388
FCX,2011-05-31,00:00:00,51.38,51.90,51.10,51.73,17442798
FCX,2011-05-27,00:00:00,50.30,51.00,49.81,50.39,20944533
FCX,2011-05-26,00:00:00,49.13,50.50,49.00,49.98,24765727
FCX,2011-05-25,00:00:00,48.33,49.19,48.10,48.82,22219348
FCX,2011-05-24,00:00:00,46.94,47.90,46.67,47.42,20253696
FCX,2011-05-23,00:00:00,48.14,49.17,47.20,48.38,24763507
FCX,2011-05-20,00:00:00,48.72,48.78,47.66,47.97,20681772
FCX,2011-05-19,00:00:00,47.28,48.92,47.20,48.62,28789187
FCX,2011-05-18,00:00:00,47.08,47.55,46.06,46.83,34665045
FCX,2011-05-17,00:00:00,48.37,49.30,47.13,47.35,24513863
FCX,2011-05-16,00:00:00,49.22,49.50,47.68,48.27,20217622
FCX,2011-05-13,00:00:00,48.15,49.39,47.60,48.72,26880698
FCX,2011-05-12,00:00:00,50.65,50.67,48.02,48.27,30287711
FCX,2011-05-11,00:00:00,52.25,52.30,51.29,51.61,15418037
FCX,2011-05-10,00:00:00,51.03,52.10,50.36,51.88,16256852
FCX,2011-05-09,00:00:00,51.42,51.77,49.84,50.17,18847519
FCX,2011-05-06,00:00:00,50.10,51.10,49.41,49.85,26317179
FCX,2011-05-05,00:00:00,53.01,53.05,50.54,51.14,29917810
FCX,2011-05-04,00:00:00,54.42,54.69,52.34,53.20,24204203
FCX,2011-05-03,00:00:00,55.12,55.57,54.00,54.34,16643276
FCX,2011-05-02,00:00:00,55.02,55.64,54.34,55.02,12927571
FCX,2011-04-29,00:00:00,55.80,56.49,54.36,54.92,18228124
FCX,2011-04-28,00:00:00,55.17,56.17,54.13,56.17,21262411
FCX,2011-04-27,00:00:00,55.21,56.13,54.21,55.89,16678906
FCX,2011-04-26,00:00:00,54.94,55.79,54.15,54.79,15228651
FCX,2011-04-25,00:00:00,53.96,55.00,53.78,54.84,16073239
FCX,2011-04-21,00:00:00,54.69,54.90,53.05,53.30,29036637
FCX,2011-04-20,00:00:00,51.42,51.95,50.53,51.72,21867543
FCX,2011-04-19,00:00:00,50.54,51.51,49.71,50.61,22058859
FCX,2011-04-18,00:00:00,51.72,52.11,50.86,51.17,23194905
FCX,2011-04-15,00:00:00,52.13,53.08,51.81,51.93,19123293
FCX,2011-04-14,00:00:00,53.84,53.98,51.96,52.31,21406705
FCX,2011-04-13,00:00:00,54.25,54.48,53.02,53.70,20290638
FCX,2011-04-12,00:00:00,57.23,57.60,55.06,55.44,18350084
FCX,2011-04-11,00:00:00,58.57,58.75,56.99,57.23,16921659
FCX,2011-04-08,00:00:00,56.68,57.68,56.30,57.44,17413288
FCX,2011-04-07,00:00:00,57.86,58.23,56.14,56.25,18808091
FCX,2011-04-06,00:00:00,55.28,57.34,55.11,56.61,17434485
FCX,2011-04-05,00:00:00,55.96,56.40,55.29,55.77,13293152
FCX,2011-04-04,00:00:00,55.46,55.68,54.41,55.08,15269263
FCX,2011-04-01,00:00:00,55.01,56.27,55.00,55.55,15981446
FCX,2011-03-31,00:00:00,55.14,55.31,53.76,55.24,18454891
FCX,2011-03-30,00:00:00,53.95,54.54,53.45,54.30,17503364
FCX,2011-03-29,00:00:00,54.98,55.65,53.82,54.08,17726431
FCX,2011-03-28,00:00:00,54.41,55.18,54.05,54.55,14656410
FCX,2011-03-25,00:00:00,55.25,55.25,53.44,54.34,21340335
FCX,2011-03-24,00:00:00,53.00,55.19,52.58,54.88,27179823
FCX,2011-03-23,00:00:00,52.40,52.65,51.21,52.28,15964803
FCX,2011-03-22,00:00:00,52.46,52.75,51.70,52.43,16322071
FCX,2011-03-21,00:00:00,53.10,53.29,51.61,51.78,20586291
FCX,2011-03-18,00:00:00,51.93,52.65,51.07,52.00,22466803
FCX,2011-03-17,00:00:00,52.39,52.47,49.07,50.29,31747655
FCX,2011-03-16,00:00:00,47.00,51.87,46.53,51.43,44583524
FCX,2011-03-15,00:00:00,49.06,49.49,48.17,48.93,20558391
FCX,2011-03-14,00:00:00,47.44,49.86,47.28,49.48,22210653
FCX,2011-03-11,00:00:00,47.13,49.08,46.20,47.79,35918995
FCX,2011-03-10,00:00:00,50.48,50.51,48.16,48.45,29057485
FCX,2011-03-09,00:00:00,50.20,50.95,48.61,50.11,21301525
FCX,2011-03-08,00:00:00,51.98,52.32,49.60,50.14,18794883
FCX,2011-03-07,00:00:00,52.74,52.96,51.06,51.71,16109311
FCX,2011-03-04,00:00:00,52.91,53.11,51.83,52.40,14694961
FCX,2011-03-03,00:00:00,51.30,52.43,51.01,51.98,11867635
FCX,2011-03-02,00:00:00,53.13,53.35,51.56,51.62,15315683
FCX,2011-03-01,00:00:00,53.10,53.50,51.95,52.95,12975428
FCX,2011-02-28,00:00:00,52.91,53.05,52.00,52.45,15065437
FCX,2011-02-25,00:00:00,51.22,52.57,50.70,51.86,21900721
FCX,2011-02-24,00:00:00,50.22,51.55,49.60,51.01,23350061
FCX,2011-02-23,00:00:00,51.38,52.23,50.03,50.38,27564048
FCX,2011-02-22,00:00:00,55.06,55.14,52.79,52.95,19549770
FCX,2011-02-18,00:00:00,55.64,55.64,54.49,55.24,12770848
FCX,2011-02-17,00:00:00,54.94,55.49,54.19,55.43,14346567
FCX,2011-02-16,00:00:00,55.99,56.43,54.44,54.65,14092300
FCX,2011-02-15,00:00:00,54.36,56.25,54.35,56.14,18232891
FCX,2011-02-14,00:00:00,53.28,53.97,53.00,53.52,12348855
FCX,2011-02-11,00:00:00,52.99,54.35,52.76,53.62,14835689
FCX,2011-02-10,00:00:00,55.10,55.63,53.45,53.89,18149102
FCX,2011-02-09,00:00:00,56.09,56.17,55.05,55.64,15324469
FCX,2011-02-08,00:00:00,57.36,57.64,55.55,55.62,17369541
FCX,2011-02-07,00:00:00,57.36,57.41,56.21,56.76,12886982
FCX,2011-02-04,00:00:00,56.17,57.03,55.00,56.89,14769562
FCX,2011-02-03,00:00:00,56.86,57.59,55.94,56.26,16916593
FCX,2011-02-02,00:00:00,55.28,57.10,55.12,57.04,24430018
FCX,2011-02-01,00:00:00,53.74,54.50,53.45,54.38,21846120
FCX,2011-01-31,00:00:00,53.61,54.28,52.82,53.08,21904794
FCX,2011-01-28,00:00:00,55.81,55.81,53.26,53.83,27221034
FCX,2011-01-27,00:00:00,53.16,55.40,53.10,55.16,26181026
FCX,2011-01-26,00:00:00,53.06,53.72,52.30,53.22,31685386
FCX,2011-01-25,00:00:00,54.10,55.66,53.87,54.24,20703524
FCX,2011-01-24,00:00:00,55.22,55.69,54.06,54.20,25509302
FCX,2011-01-21,00:00:00,55.49,55.72,54.58,55.45,35536086
FCX,2011-01-20,00:00:00,59.81,59.83,57.35,57.58,18815580
FCX,2011-01-19,00:00:00,59.42,59.74,58.79,59.30,12333442
FCX,2011-01-18,00:00:00,59.02,59.42,58.38,59.18,18427790
FCX,2011-01-14,00:00:00,60.98,60.99,58.94,59.04,17093994
FCX,2011-01-13,00:00:00,61.04,61.34,60.65,60.92,17112136
FCX,2011-01-12,00:00:00,60.37,60.99,59.78,60.90,17197206
FCX,2011-01-11,00:00:00,58.74,59.67,57.78,59.48,16848574
FCX,2011-01-10,00:00:00,58.25,58.98,57.66,58.74,20672820
FCX,2011-01-07,00:00:00,59.16,59.20,57.56,58.04,19214402
FCX,2011-01-06,00:00:00,58.70,59.42,57.95,59.18,20456422
FCX,2011-01-05,00:00:00,59.70,60.12,57.52,59.38,29239846
FCX,2011-01-04,00:00:00,60.84,61.25,59.58,59.79,16921026
FCX,2011-01-03,00:00:00,59.60,60.22,59.28,60.04,6979270
FCX,2010-12-31,00:00:00,59.92,60.39,59.46,59.48,8241080
FCX,2010-12-30,00:00:00,59.52,59.71,59.14,59.58,7734456
FCX,2010-12-29,00:00:00,59.82,59.86,58.84,59.14,8352756
FCX,2010-12-28,00:00:00,58.58,59.72,58.53,59.30,11185962
FCX,2010-12-27,00:00:00,57.84,59.08,57.74,59.08,11462934
FCX,2010-12-23,00:00:00,58.60,58.68,57.89,58.20,11501288
FCX,2010-12-22,00:00:00,57.83,58.19,57.19,58.10,11555204
FCX,2010-12-21,00:00:00,57.64,57.93,56.96,57.02,13788634
FCX,2010-12-20,00:00:00,56.12,56.95,56.01,56.86,20292160
FCX,2010-12-17,00:00:00,56.22,56.22,54.88,55.72,16601460
FCX,2010-12-16,00:00:00,56.80,57.35,55.91,56.02,19768340
FCX,2010-12-15,00:00:00,57.98,58.02,57.00,57.41,17135464
FCX,2010-12-14,00:00:00,57.57,58.70,57.20,57.76,20016086
FCX,2010-12-13,00:00:00,55.89,56.52,55.15,56.44,17374422
FCX,2010-12-10,00:00:00,55.96,56.00,54.82,55.33,19816174
FCX,2010-12-09,00:00:00,55.53,55.78,53.35,54.30,27089712
FCX,2010-12-08,00:00:00,56.54,57.12,55.17,55.32,25411242
FCX,2010-12-07,00:00:00,54.48,55.95,54.48,54.95,22998958
FCX,2010-12-06,00:00:00,53.44,54.72,53.44,54.48,17267168
FCX,2010-12-03,00:00:00,52.75,54.12,52.75,53.82,22373240
FCX,2010-12-02,00:00:00,52.06,52.78,51.52,52.74,21430398
FCX,2010-12-01,00:00:00,50.05,51.59,49.86,50.66,25585654
FCX,2010-11-30,00:00:00,48.78,50.80,48.18,50.65,26026508
FCX,2010-11-29,00:00:00,49.64,49.64,48.90,48.96,9738314
FCX,2010-11-26,00:00:00,49.84,50.62,49.60,50.36,15945736
FCX,2010-11-24,00:00:00,50.00,50.04,48.96,49.35,22065974
FCX,2010-11-23,00:00:00,50.22,51.25,50.00,51.00,19816602
FCX,2010-11-22,00:00:00,49.35,50.96,48.90,50.90,22309942
FCX,2010-11-19,00:00:00,49.84,50.74,49.78,49.92,22936772
FCX,2010-11-18,00:00:00,48.52,49.66,48.28,48.42,22600192
FCX,2010-11-17,00:00:00,49.74,49.90,48.01,48.80,44261052
FCX,2010-11-16,00:00:00,51.95,52.24,50.91,51.00,19377100
FCX,2010-11-15,00:00:00,52.77,53.35,51.11,51.96,32590674
FCX,2010-11-12,00:00:00,52.80,54.06,52.32,54.00,27276124
FCX,2010-11-11,00:00:00,51.34,52.24,50.31,52.16,28546632
FCX,2010-11-10,00:00:00,53.91,54.26,50.96,51.32,39251504
FCX,2010-11-09,00:00:00,52.14,52.86,51.60,52.64,14847838
FCX,2010-11-08,00:00:00,51.50,53.54,51.48,52.42,27415764
FCX,2010-11-05,00:00:00,50.02,51.98,49.92,51.94,34476366
FCX,2010-11-04,00:00:00,48.80,48.92,47.52,48.54,23248504
FCX,2010-11-03,00:00:00,48.70,49.12,48.30,48.83,21242420
FCX,2010-11-02,00:00:00,48.28,48.30,47.50,48.12,17685610
FCX,2010-11-01,00:00:00,47.40,47.68,47.00,47.40,16754868
FCX,2010-10-29,00:00:00,48.50,48.75,47.68,47.74,20010062
FCX,2010-10-28,00:00:00,47.97,48.20,47.02,47.75,23457696
FCX,2010-10-27,00:00:00,47.49,49.21,47.25,49.14,21036030
FCX,2010-10-26,00:00:00,48.50,48.92,47.78,48.04,20126452
FCX,2010-10-25,00:00:00,48.23,48.28,46.51,47.02,21004630
FCX,2010-10-22,00:00:00,49.52,49.82,47.21,48.22,35780328
FCX,2010-10-21,00:00:00,46.98,48.12,46.70,47.68,21121978
FCX,2010-10-20,00:00:00,46.42,47.30,46.00,46.36,29131454
FCX,2010-10-19,00:00:00,48.32,48.69,47.85,48.15,19361012
FCX,2010-10-18,00:00:00,49.53,49.68,48.36,49.02,25348020
FCX,2010-10-15,00:00:00,49.58,50.17,49.08,49.50,30962470
FCX,2010-10-14,00:00:00,48.28,49.96,48.22,49.54,30389018
FCX,2010-10-13,00:00:00,47.40,47.80,46.46,47.72,21154830
FCX,2010-10-12,00:00:00,47.83,48.28,47.32,47.69,15020538
FCX,2010-10-11,00:00:00,46.16,47.96,46.00,47.76,27166142
FCX,2010-10-08,00:00:00,46.82,46.94,44.92,45.70,26890340
FCX,2010-10-07,00:00:00,45.75,47.18,45.72,46.81,27311434
FCX,2010-10-06,00:00:00,44.36,45.90,44.30,45.59,26483512
FCX,2010-10-05,00:00:00,44.22,44.30,43.34,43.62,23298058
FCX,2010-10-04,00:00:00,43.48,44.64,43.18,44.56,31267370
FCX,2010-10-01,00:00:00,43.50,43.62,42.12,42.70,21663258
FCX,2010-09-30,00:00:00,43.47,43.96,42.83,43.10,19222190
FCX,2010-09-29,00:00:00,43.34,43.67,42.40,43.52,21403122
FCX,2010-09-28,00:00:00,43.24,43.64,42.88,43.28,13941594
FCX,2010-09-27,00:00:00,43.00,43.74,42.88,43.30,19509446
FCX,2010-09-24,00:00:00,41.58,42.62,40.97,42.12,23057134
FCX,2010-09-23,00:00:00,41.80,42.68,41.76,42.26,21377092
FCX,2010-09-22,00:00:00,41.72,41.74,40.48,41.50,22772286
FCX,2010-09-21,00:00:00,41.06,41.88,40.94,41.68,21618816
FCX,2010-09-20,00:00:00,41.18,41.18,40.56,40.86,14114664
FCX,2010-09-17,00:00:00,40.58,41.28,40.58,40.86,15422494
FCX,2010-09-16,00:00:00,40.47,40.73,40.01,40.70,19965252
FCX,2010-09-15,00:00:00,40.62,41.25,40.35,40.72,18036682
FCX,2010-09-14,00:00:00,40.30,41.21,40.23,40.89,20101942
FCX,2010-09-13,00:00:00,39.07,39.76,38.90,39.66,14906498
FCX,2010-09-10,00:00:00,39.77,39.88,38.75,39.08,19120628
FCX,2010-09-09,00:00:00,39.20,40.00,39.02,39.57,20212184
FCX,2010-09-08,00:00:00,38.68,39.40,38.20,38.93,19606982
FCX,2010-09-07,00:00:00,39.16,39.48,38.90,39.28,21550774
FCX,2010-09-03,00:00:00,37.96,38.55,37.60,38.48,19184446
FCX,2010-09-02,00:00:00,36.99,38.17,36.86,38.10,30596838
FCX,2010-09-01,00:00:00,34.94,36.49,34.94,36.00,24602692
FCX,2010-08-31,00:00:00,35.54,35.97,35.18,35.18,16498130
FCX,2010-08-30,00:00:00,34.22,35.64,33.75,35.60,27353238
FCX,2010-08-27,00:00:00,34.15,34.50,33.55,33.56,24106276
FCX,2010-08-26,00:00:00,33.17,33.44,32.86,33.33,26793578
FCX,2010-08-25,00:00:00,34.16,34.18,33.26,33.52,30523194
FCX,2010-08-24,00:00:00,36.04,36.08,35.11,35.18,12744376
FCX,2010-08-23,00:00:00,35.62,35.88,35.13,35.68,19833160
FCX,2010-08-20,00:00:00,36.57,37.15,35.80,36.04,19736748
FCX,2010-08-19,00:00:00,36.36,36.92,36.02,36.61,13784942
FCX,2010-08-18,00:00:00,36.26,37.00,36.16,36.42,19486238
FCX,2010-08-17,00:00:00,35.44,35.84,35.16,35.32,12699886
FCX,2010-08-16,00:00:00,34.96,35.24,34.71,35.04,12844472
FCX,2010-08-13,00:00:00,34.72,35.66,34.57,35.20,18915886
FCX,2010-08-12,00:00:00,35.40,35.58,34.75,35.02,23780078
FCX,2010-08-11,00:00:00,36.50,36.90,36.10,36.60,20427412
FCX,2010-08-10,00:00:00,37.66,37.80,37.02,37.36,10717692
FCX,2010-08-09,00:00:00,36.71,38.12,36.70,37.30,23551924
FCX,2010-08-06,00:00:00,37.42,37.42,36.54,37.04,19315982
FCX,2010-08-05,00:00:00,37.18,37.63,36.58,37.50,20310318
FCX,2010-08-04,00:00:00,37.07,37.24,36.52,37.02,18139696
FCX,2010-08-03,00:00:00,36.60,37.56,36.54,37.40,26051150
FCX,2010-08-02,00:00:00,34.68,35.88,34.68,35.77,22315274
FCX,2010-07-30,00:00:00,35.64,36.24,35.01,35.37,23600784
FCX,2010-07-29,00:00:00,34.73,35.79,34.71,35.19,23515722
FCX,2010-07-28,00:00:00,35.80,36.00,34.31,34.92,26548368
FCX,2010-07-27,00:00:00,35.42,35.90,35.02,35.62,19804742
FCX,2010-07-26,00:00:00,34.56,35.69,34.38,35.54,29995636
FCX,2010-07-23,00:00:00,33.98,34.98,33.88,34.39,37877254
FCX,2010-07-22,00:00:00,33.79,34.18,32.72,33.03,45624000
FCX,2010-07-21,00:00:00,30.33,32.56,30.23,32.16,33666602
FCX,2010-07-20,00:00:00,30.24,30.72,30.00,30.43,17759102
FCX,2010-07-19,00:00:00,31.32,31.48,29.96,30.04,27888188
FCX,2010-07-16,00:00:00,31.87,31.88,30.92,31.58,22157136
FCX,2010-07-15,00:00:00,31.86,32.36,31.50,31.83,21064530
FCX,2010-07-14,00:00:00,32.38,32.48,31.61,32.06,23331612
FCX,2010-07-13,00:00:00,32.63,32.72,31.28,31.61,33962466
FCX,2010-07-12,00:00:00,31.56,33.07,31.44,32.99,23762766
FCX,2010-07-09,00:00:00,31.88,32.18,31.08,31.58,25789522
FCX,2010-07-08,00:00:00,29.94,31.48,29.62,31.48,28124830
FCX,2010-07-07,00:00:00,30.30,30.84,29.19,29.60,25543686
FCX,2010-07-06,00:00:00,29.64,29.83,28.94,29.27,20194806
FCX,2010-07-02,00:00:00,29.60,30.12,28.36,29.09,36092426
FCX,2010-07-01,00:00:00,30.61,30.85,29.46,29.56,27172810
FCX,2010-06-30,00:00:00,31.39,31.71,30.24,30.54,28816868
FCX,2010-06-29,00:00:00,33.07,33.16,32.12,32.33,28062618
FCX,2010-06-28,00:00:00,31.88,33.42,31.59,33.28,34030802
FCX,2010-06-25,00:00:00,32.41,32.53,31.68,31.72,24659326
FCX,2010-06-24,00:00:00,32.46,32.76,31.45,32.53,29363628
FCX,2010-06-23,00:00:00,34.13,34.15,32.50,32.60,26933354
FCX,2010-06-22,00:00:00,34.61,35.00,33.88,34.04,39983614
FCX,2010-06-21,00:00:00,32.94,33.14,32.58,32.95,19767826
FCX,2010-06-18,00:00:00,33.38,33.48,32.31,32.90,22532132
FCX,2010-06-17,00:00:00,33.08,33.88,32.88,33.52,18942210
FCX,2010-06-16,00:00:00,33.01,33.58,32.44,33.52,19944122
FCX,2010-06-15,00:00:00,33.43,33.54,32.62,32.63,23436962
FCX,2010-06-14,00:00:00,32.04,32.77,31.85,32.46,22103124
FCX,2010-06-11,00:00:00,31.32,32.22,31.28,32.18,27765524
FCX,2010-06-10,00:00:00,31.45,31.94,30.12,30.38,32164570
FCX,2010-06-09,00:00:00,29.54,30.77,29.42,30.74,44870816
FCX,2010-06-08,00:00:00,31.40,31.50,29.12,29.33,44684780
FCX,2010-06-07,00:00:00,32.10,32.72,31.26,31.40,29964012
FCX,2010-06-04,00:00:00,34.85,34.86,32.50,33.08,33413306
FCX,2010-06-03,00:00:00,33.52,34.52,33.02,34.51,23718490
FCX,2010-06-02,00:00:00,34.56,34.74,33.22,33.24,26210086
FCX,2010-06-01,00:00:00,35.58,35.68,34.62,35.02,23569548
FCX,2010-05-28,00:00:00,34.69,35.55,34.26,35.54,30262358
FCX,2010-05-27,00:00:00,34.97,35.00,33.25,33.30,36054362
FCX,2010-05-26,00:00:00,31.71,33.88,31.38,33.81,44195124
FCX,2010-05-25,00:00:00,33.66,34.04,32.74,32.78,31874424
FCX,2010-05-24,00:00:00,31.38,33.92,31.34,33.50,53914960
FCX,2010-05-21,00:00:00,32.83,32.95,31.60,31.81,56704090
FCX,2010-05-20,00:00:00,33.08,34.14,32.62,33.84,41650726
FCX,2010-05-19,00:00:00,34.72,35.48,33.60,33.68,38023610
FCX,2010-05-18,00:00:00,34.66,34.90,33.03,33.98,39626378
FCX,2010-05-17,00:00:00,35.04,35.32,33.95,34.86,30753884
FCX,2010-05-14,00:00:00,36.58,36.83,35.69,35.86,29492622
FCX,2010-05-13,00:00:00,35.78,36.55,35.57,36.50,55752638
FCX,2010-05-12,00:00:00,35.56,36.23,35.10,35.12,37039724
FCX,2010-05-11,00:00:00,35.48,36.74,35.20,36.25,39497926
FCX,2010-05-10,00:00:00,34.96,35.06,32.62,33.80,63805644
FCX,2010-05-07,00:00:00,35.25,36.35,32.50,34.52,54963928
FCX,2010-05-06,00:00:00,33.99,36.22,33.96,35.22,45515696
FCX,2010-05-05,00:00:00,35.94,35.94,34.70,35.24,43727576
FCX,2010-05-04,00:00:00,37.80,38.14,36.01,36.87,35179112
FCX,2010-05-03,00:00:00,39.23,39.34,37.55,37.76,24539156
FCX,2010-04-30,00:00:00,38.50,39.08,38.38,38.86,27937450
FCX,2010-04-29,00:00:00,38.55,38.82,37.66,38.24,26555520
FCX,2010-04-28,00:00:00,39.60,39.60,37.85,38.08,38102656
FCX,2010-04-27,00:00:00,40.14,40.83,40.09,40.20,19469176
FCX,2010-04-26,00:00:00,40.41,40.46,39.46,39.78,26857614
FCX,2010-04-23,00:00:00,38.86,40.28,38.60,40.25,32160812
FCX,2010-04-22,00:00:00,40.50,40.52,38.27,39.20,50825638
FCX,2010-04-21,00:00:00,40.85,41.10,40.38,40.40,19251064
FCX,2010-04-20,00:00:00,40.16,40.64,39.35,40.40,27290746
FCX,2010-04-19,00:00:00,41.79,42.06,40.34,40.59,29738122
FCX,2010-04-16,00:00:00,42.50,42.68,42.02,42.11,13882224
FCX,2010-04-15,00:00:00,42.84,43.05,42.45,42.68,16484448
FCX,2010-04-14,00:00:00,42.11,42.50,41.71,42.38,20832082
FCX,2010-04-13,00:00:00,42.50,42.99,42.01,42.20,20832150
FCX,2010-04-12,00:00:00,43.34,43.47,42.25,42.84,19510946
FCX,2010-04-09,00:00:00,42.55,43.06,42.14,43.02,21002482
FCX,2010-04-08,00:00:00,43.78,43.85,42.46,42.96,26694096
FCX,2010-04-07,00:00:00,43.50,44.15,43.34,43.66,21882250
FCX,2010-04-06,00:00:00,43.42,43.94,42.96,43.66,21971142
FCX,2010-04-05,00:00:00,42.44,43.14,42.38,43.14,27576858
FCX,2010-04-01,00:00:00,41.71,42.13,41.56,41.77,16523692
FCX,2010-03-31,00:00:00,41.58,42.45,41.50,41.83,27982430
FCX,2010-03-30,00:00:00,40.46,41.50,40.25,41.44,34642078
FCX,2010-03-29,00:00:00,39.30,39.97,39.10,39.58,23499090
FCX,2010-03-26,00:00:00,40.34,40.46,38.87,38.96,27005318
FCX,2010-03-25,00:00:00,39.84,40.44,39.78,39.90,21932878
FCX,2010-03-24,00:00:00,39.80,40.57,39.61,40.54,25381356
FCX,2010-03-23,00:00:00,38.62,39.96,38.38,39.90,28119686
FCX,2010-03-22,00:00:00,40.46,40.48,39.06,39.26,31220788
FCX,2010-03-19,00:00:00,40.59,41.22,40.02,40.14,23425986
FCX,2010-03-18,00:00:00,41.26,41.50,40.50,40.62,23940884
FCX,2010-03-17,00:00:00,40.76,41.22,40.72,41.10,25943720
FCX,2010-03-16,00:00:00,39.82,40.42,39.50,40.33,23129350
FCX,2010-03-15,00:00:00,40.60,40.74,40.14,40.26,20682228
FCX,2010-03-12,00:00:00,39.72,40.28,39.33,40.25,25456836
FCX,2010-03-11,00:00:00,40.12,40.66,39.66,40.04,30962426
FCX,2010-03-10,00:00:00,39.86,40.38,39.62,39.88,25760782
FCX,2010-03-09,00:00:00,40.55,40.82,40.10,40.31,22422056
FCX,2010-03-08,00:00:00,39.93,40.50,39.66,40.36,30802866
FCX,2010-03-05,00:00:00,39.65,39.83,38.95,39.42,26125244
FCX,2010-03-04,00:00:00,39.72,40.19,39.42,39.62,34051164
FCX,2010-03-03,00:00:00,38.49,39.34,38.12,38.99,36974258
FCX,2010-03-02,00:00:00,38.58,38.64,37.68,38.22,30079948
FCX,2010-03-01,00:00:00,37.20,37.62,36.46,37.58,26174874
FCX,2010-02-26,00:00:00,35.32,37.12,35.18,37.04,42680004
FCX,2010-02-25,00:00:00,36.79,37.22,35.96,36.34,34098044
FCX,2010-02-24,00:00:00,37.82,38.08,36.54,36.82,35792250
FCX,2010-02-23,00:00:00,38.76,38.85,38.08,38.12,24431370
FCX,2010-02-22,00:00:00,38.00,38.94,37.92,38.58,30231666
FCX,2010-02-19,00:00:00,37.31,38.40,37.28,38.30,37814110
FCX,2010-02-18,00:00:00,38.16,38.32,36.94,37.56,32810498
FCX,2010-02-17,00:00:00,37.81,38.04,37.42,37.97,34526136
FCX,2010-02-16,00:00:00,36.20,36.92,35.76,36.84,43072422
FCX,2010-02-12,00:00:00,35.84,37.36,35.46,37.08,45868116
FCX,2010-02-11,00:00:00,35.61,35.90,34.58,35.52,38632460
FCX,2010-02-10,00:00:00,35.56,36.48,35.40,35.79,50452112
FCX,2010-02-09,00:00:00,35.38,36.00,34.46,34.60,47861134
FCX,2010-02-08,00:00:00,33.37,35.14,33.02,35.12,74929134
FCX,2010-02-05,00:00:00,34.26,34.50,33.25,33.37,53759974
FCX,2010-02-04,00:00:00,35.86,36.60,34.82,35.23,46258152
FCX,2010-02-03,00:00:00,36.63,36.82,35.59,36.26,51279348
FCX,2010-02-02,00:00:00,34.06,35.82,34.02,35.80,48838364
FCX,2010-02-01,00:00:00,34.92,35.64,33.10,33.34,51178596
FCX,2010-01-29,00:00:00,36.30,36.38,33.90,34.41,63514392
FCX,2010-01-28,00:00:00,35.64,36.18,34.40,35.62,48950624
FCX,2010-01-27,00:00:00,36.74,37.00,35.78,36.00,43120120
FCX,2010-01-26,00:00:00,37.62,38.04,37.16,37.30,32663314
FCX,2010-01-25,00:00:00,36.92,38.72,36.28,37.12,60624004
FCX,2010-01-22,00:00:00,41.40,41.45,38.00,38.14,68718850
FCX,2010-01-21,00:00:00,41.57,42.04,40.60,41.76,34635112
FCX,2010-01-20,00:00:00,42.36,42.40,41.70,42.30,22957364
FCX,2010-01-19,00:00:00,42.50,42.82,41.98,42.15,25939854
FCX,2010-01-15,00:00:00,43.20,43.35,42.26,42.54,18690694
FCX,2010-01-14,00:00:00,42.65,43.20,41.53,43.08,24561022
FCX,2010-01-13,00:00:00,43.22,43.30,41.74,42.38,34168746
FCX,2010-01-12,00:00:00,44.98,45.28,43.54,44.04,30931048
FCX,2010-01-11,00:00:00,42.97,44.10,42.40,44.05,21313058
FCX,2010-01-08,00:00:00,43.26,43.40,42.50,42.82,19504914
FCX,2010-01-07,00:00:00,42.43,43.99,42.38,43.66,30693692
FCX,2010-01-06,00:00:00,41.76,42.25,41.56,41.98,17314760
FCX,2010-01-05,00:00:00,41.30,41.80,41.28,41.73,18085248
FCX,2010-01-04,00:00:00,40.79,40.84,40.14,40.14,8932314
FCX,2009-12-31,00:00:00,40.36,40.74,40.16,40.44,11436104
FCX,2009-12-30,00:00:00,41.35,41.66,40.53,40.54,16432094
FCX,2009-12-29,00:00:00,41.52,41.72,40.62,40.90,15749966
FCX,2009-12-28,00:00:00,40.98,41.10,40.70,40.90,7534432
FCX,2009-12-24,00:00:00,39.76,40.75,39.64,40.46,19680624
FCX,2009-12-23,00:00:00,38.90,39.49,38.80,39.22,15133732
FCX,2009-12-22,00:00:00,38.62,39.14,38.46,38.98,19122968
FCX,2009-12-21,00:00:00,38.44,38.66,37.74,38.27,24288960
FCX,2009-12-18,00:00:00,39.14,39.22,37.88,37.98,24498108
FCX,2009-12-17,00:00:00,39.48,40.14,39.36,39.72,18352634
FCX,2009-12-16,00:00:00,39.19,39.92,38.90,39.04,20708380
FCX,2009-12-15,00:00:00,38.98,39.45,38.46,39.42,17328306
FCX,2009-12-14,00:00:00,39.30,39.44,38.26,38.40,25003876
FCX,2009-12-11,00:00:00,39.46,39.64,38.62,38.87,19480546
FCX,2009-12-10,00:00:00,38.50,39.25,38.11,39.18,26617114
FCX,2009-12-09,00:00:00,38.79,38.95,38.06,38.14,30456212
FCX,2009-12-08,00:00:00,39.54,40.34,39.14,39.34,26868114
FCX,2009-12-07,00:00:00,42.22,42.40,39.36,39.94,44461342
FCX,2009-12-04,00:00:00,42.32,42.78,41.80,41.90,22029622
FCX,2009-12-03,00:00:00,42.10,43.00,41.99,42.59,22558300
FCX,2009-12-02,00:00:00,42.04,42.60,41.82,41.96,24564340
FCX,2009-12-01,00:00:00,41.84,42.09,41.07,41.40,28281544
FCX,2009-11-30,00:00:00,41.80,42.84,41.40,42.07,21098950
FCX,2009-11-27,00:00:00,43.14,43.68,42.88,43.66,16671228
FCX,2009-11-25,00:00:00,42.74,42.94,42.01,42.80,19190918
FCX,2009-11-24,00:00:00,43.28,43.62,42.30,42.66,23386718
FCX,2009-11-23,00:00:00,42.04,42.44,41.55,42.28,22839488
FCX,2009-11-20,00:00:00,41.96,42.62,41.25,42.36,28900928
FCX,2009-11-19,00:00:00,42.98,43.06,41.80,42.34,24225970
FCX,2009-11-18,00:00:00,41.98,42.68,41.46,42.68,24128428
FCX,2009-11-17,00:00:00,41.78,42.50,41.67,42.24,30100058
FCX,2009-11-16,00:00:00,40.88,41.27,40.35,40.78,22627446
FCX,2009-11-13,00:00:00,41.30,41.68,40.30,40.58,31972162
FCX,2009-11-12,00:00:00,42.18,42.35,41.17,41.47,28609008
FCX,2009-11-11,00:00:00,41.24,41.72,40.62,41.28,30890512
FCX,2009-11-10,00:00:00,40.78,41.85,40.78,41.60,28749728
FCX,2009-11-09,00:00:00,39.29,40.15,39.27,39.78,26856208
FCX,2009-11-06,00:00:00,39.12,39.94,38.90,39.75,30629008
FCX,2009-11-05,00:00:00,39.00,39.80,38.70,38.80,37820916
FCX,2009-11-04,00:00:00,36.44,38.75,36.18,38.39,34997872
FCX,2009-11-03,00:00:00,37.24,38.18,36.19,37.30,38124334
FCX,2009-11-02,00:00:00,39.08,39.08,36.40,36.68,41426558
FCX,2009-10-30,00:00:00,37.50,39.18,37.50,39.08,33280754
FCX,2009-10-29,00:00:00,38.42,38.86,36.50,36.72,35476928
FCX,2009-10-28,00:00:00,39.68,39.82,38.48,38.72,34616548
FCX,2009-10-27,00:00:00,40.90,41.68,39.62,39.74,33089262
FCX,2009-10-26,00:00:00,41.88,42.14,40.45,40.68,33955898
FCX,2009-10-23,00:00:00,40.36,41.66,39.94,41.49,35580922
FCX,2009-10-22,00:00:00,39.59,41.30,39.02,39.86,46201720
FCX,2009-10-21,00:00:00,39.88,39.95,38.66,39.32,27295030
FCX,2009-10-20,00:00:00,38.25,39.76,38.04,39.50,24969242
FCX,2009-10-19,00:00:00,37.81,38.07,37.18,37.86,19221896
FCX,2009-10-16,00:00:00,37.80,38.22,37.48,37.96,20199990
FCX,2009-10-15,00:00:00,38.00,38.28,37.63,38.12,23655968
FCX,2009-10-14,00:00:00,36.75,37.64,36.59,37.42,22872098
FCX,2009-10-13,00:00:00,37.80,38.23,36.94,37.24,19945984
FCX,2009-10-12,00:00:00,37.36,37.54,36.58,37.17,21302398
FCX,2009-10-09,00:00:00,36.98,37.84,36.58,37.49,39422822
FCX,2009-10-08,00:00:00,34.88,36.42,34.75,36.39,32181194
FCX,2009-10-07,00:00:00,34.51,35.18,34.28,34.80,26525282
FCX,2009-10-06,00:00:00,33.06,33.94,32.78,33.66,22889036
FCX,2009-10-05,00:00:00,31.68,33.32,31.50,32.93,34293762
FCX,2009-10-02,00:00:00,34.22,34.28,32.56,32.70,33335638
FCX,2009-10-01,00:00:00,34.90,34.98,33.86,34.30,27789094
FCX,2009-09-30,00:00:00,34.50,35.22,34.10,34.16,26025858
FCX,2009-09-29,00:00:00,33.69,34.60,33.22,34.48,23983794
FCX,2009-09-28,00:00:00,33.80,34.66,33.28,33.34,31236498
FCX,2009-09-25,00:00:00,35.61,35.75,33.78,34.05,36161256
FCX,2009-09-24,00:00:00,36.65,36.71,35.51,35.54,30787410
FCX,2009-09-23,00:00:00,35.74,36.72,35.72,36.58,25104912
FCX,2009-09-22,00:00:00,34.40,35.38,33.84,35.04,23263444
FCX,2009-09-21,00:00:00,35.74,35.90,34.70,35.07,27694316
FCX,2009-09-18,00:00:00,35.80,36.48,35.22,35.74,26884018
FCX,2009-09-17,00:00:00,36.40,36.48,35.88,36.08,27152192
FCX,2009-09-16,00:00:00,35.38,35.84,35.06,35.66,25911972
FCX,2009-09-15,00:00:00,34.48,35.37,34.14,35.31,24048498
FCX,2009-09-14,00:00:00,35.00,35.72,34.58,35.18,32264900
FCX,2009-09-11,00:00:00,33.45,34.65,33.08,34.63,26196014
FCX,2009-09-10,00:00:00,34.10,34.19,33.31,33.84,25106432
FCX,2009-09-09,00:00:00,34.25,34.45,33.82,34.00,26535114
FCX,2009-09-08,00:00:00,32.31,33.05,31.72,33.00,21529878
FCX,2009-09-04,00:00:00,31.85,32.25,31.30,32.24,27665392
FCX,2009-09-03,00:00:00,30.14,31.12,29.88,30.90,27984818
FCX,2009-09-02,00:00:00,31.59,32.05,30.15,30.30,37416840
FCX,2009-09-01,00:00:00,31.75,31.93,31.33,31.49,27538176
FCX,2009-08-31,00:00:00,32.94,33.34,32.33,32.74,25450172
FCX,2009-08-28,00:00:00,31.56,32.15,30.75,32.13,28866646
FCX,2009-08-27,00:00:00,31.94,32.14,31.45,31.56,35622680
FCX,2009-08-26,00:00:00,32.80,33.10,31.78,32.06,31427378
FCX,2009-08-25,00:00:00,33.31,33.73,32.55,32.72,29313638
FCX,2009-08-24,00:00:00,31.88,32.68,31.48,32.53,32029984
FCX,2009-08-21,00:00:00,31.64,31.98,31.04,31.12,30337346
FCX,2009-08-20,00:00:00,29.50,31.26,29.25,31.04,39626508
FCX,2009-08-19,00:00:00,29.94,30.35,29.65,30.24,26356776
FCX,2009-08-18,00:00:00,30.30,30.30,29.28,29.68,32590908
FCX,2009-08-17,00:00:00,32.79,32.94,31.30,31.82,28727372
FCX,2009-08-14,00:00:00,32.24,33.04,31.68,33.04,35428614
FCX,2009-08-13,00:00:00,30.61,31.80,30.52,31.49,27040988
FCX,2009-08-12,00:00:00,31.08,31.22,30.50,30.94,26053512
FCX,2009-08-11,00:00:00,31.54,31.59,30.78,31.19,23653250
FCX,2009-08-10,00:00:00,32.52,32.66,31.38,31.70,30838710
FCX,2009-08-07,00:00:00,32.62,33.10,31.54,32.00,37451730
FCX,2009-08-06,00:00:00,31.92,32.50,31.26,32.23,35432584
FCX,2009-08-05,00:00:00,32.34,32.45,31.32,31.55,34458892
FCX,2009-08-04,00:00:00,31.32,32.72,31.28,32.57,46604584
FCX,2009-08-03,00:00:00,29.08,30.50,28.82,30.15,35540132
FCX,2009-07-31,00:00:00,28.55,29.52,28.52,29.20,37180312
FCX,2009-07-30,00:00:00,28.39,28.46,27.22,27.76,41033760
FCX,2009-07-29,00:00:00,29.43,29.64,28.67,29.28,31629712
FCX,2009-07-28,00:00:00,30.26,30.32,29.48,29.98,27199680
FCX,2009-07-27,00:00:00,29.64,30.36,29.17,29.91,29746666
FCX,2009-07-24,00:00:00,29.13,30.24,29.08,29.88,40575512
FCX,2009-07-23,00:00:00,28.30,29.62,28.20,29.39,40830714
FCX,2009-07-22,00:00:00,29.30,29.66,28.00,29.08,54500300
FCX,2009-07-21,00:00:00,28.58,28.92,27.75,28.50,43512392
FCX,2009-07-20,00:00:00,26.94,28.13,26.66,27.75,43579922
FCX,2009-07-17,00:00:00,25.56,27.00,25.38,26.91,41241338
FCX,2009-07-16,00:00:00,25.15,25.64,24.91,25.46,51882914
FCX,2009-07-15,00:00:00,24.63,25.05,23.88,24.09,35587564
FCX,2009-07-14,00:00:00,23.27,23.98,22.28,23.96,34491760
FCX,2009-07-13,00:00:00,23.02,23.58,22.80,23.32,29428974
FCX,2009-07-10,00:00:00,23.42,23.76,22.92,23.34,42448548
FCX,2009-07-09,00:00:00,22.88,23.38,21.60,22.55,59189050
FCX,2009-07-08,00:00:00,23.28,23.40,22.50,22.50,48179164
FCX,2009-07-07,00:00:00,23.96,24.09,22.56,22.97,53941408
FCX,2009-07-06,00:00:00,24.66,25.10,24.20,24.86,25251600
FCX,2009-07-02,00:00:00,25.75,26.48,25.18,25.28,38259406
FCX,2009-07-01,00:00:00,25.44,25.84,24.66,25.06,33518096
FCX,2009-06-30,00:00:00,25.64,25.76,24.92,25.16,27872778
FCX,2009-06-29,00:00:00,25.42,25.68,25.07,25.28,27625462
FCX,2009-06-26,00:00:00,24.43,25.52,24.13,25.38,35329482
FCX,2009-06-25,00:00:00,24.48,25.24,24.05,24.40,44269212
FCX,2009-06-24,00:00:00,23.17,23.90,22.85,23.59,46504376
FCX,2009-06-23,00:00:00,24.48,24.48,22.54,22.59,50516954
FCX,2009-06-22,00:00:00,25.76,26.19,25.15,25.46,31587992
FCX,2009-06-19,00:00:00,25.06,25.70,24.66,25.25,34323584
FCX,2009-06-18,00:00:00,25.63,25.74,24.38,25.24,56465372
FCX,2009-06-17,00:00:00,28.08,28.20,26.00,26.20,47104018
FCX,2009-06-16,00:00:00,28.48,28.56,27.56,27.57,33396118
FCX,2009-06-15,00:00:00,29.70,30.14,29.04,29.26,34347138
FCX,2009-06-12,00:00:00,30.08,30.78,29.65,30.21,36699400
FCX,2009-06-11,00:00:00,30.08,30.38,28.95,29.94,41311636
FCX,2009-06-10,00:00:00,28.66,29.79,28.28,29.48,34178460
FCX,2009-06-09,00:00:00,27.94,28.50,27.36,28.24,23280720
FCX,2009-06-08,00:00:00,28.25,29.22,27.56,28.58,34913630
FCX,2009-06-05,00:00:00,27.18,28.33,26.69,28.16,30373816
FCX,2009-06-04,00:00:00,28.00,28.10,26.05,26.83,41566420
FCX,2009-06-03,00:00:00,28.85,29.49,28.22,28.44,34701706
FCX,2009-06-02,00:00:00,28.34,29.72,28.30,29.06,39200686
FCX,2009-06-01,00:00:00,26.94,27.22,26.32,27.22,33290036
FCX,2009-05-29,00:00:00,25.31,26.52,24.98,26.10,34887386
FCX,2009-05-28,00:00:00,25.14,26.00,24.80,24.88,30164190
FCX,2009-05-27,00:00:00,23.62,25.26,23.29,25.00,23969812
FCX,2009-05-26,00:00:00,24.81,24.97,24.11,24.17,23382010
FCX,2009-05-22,00:00:00,24.47,24.69,23.95,24.32,29169322
FCX,2009-05-21,00:00:00,25.17,26.18,24.84,25.00,26660330
FCX,2009-05-20,00:00:00,24.66,25.25,24.36,24.76,24064496
FCX,2009-05-19,00:00:00,23.07,24.36,23.01,24.34,29446536
FCX,2009-05-18,00:00:00,23.23,23.60,22.28,22.58,30697726
FCX,2009-05-15,00:00:00,22.83,23.63,22.26,23.06,33130078
FCX,2009-05-14,00:00:00,23.56,24.06,22.78,23.00,34555172
FCX,2009-05-13,00:00:00,25.70,26.08,23.81,24.56,35143460
FCX,2009-05-12,00:00:00,25.02,25.54,24.54,25.49,24619824
FCX,2009-05-11,00:00:00,25.20,26.10,24.96,25.90,33129902
FCX,2009-05-08,00:00:00,26.32,26.32,24.08,24.52,36815272
FCX,2009-05-07,00:00:00,25.91,26.50,25.62,25.92,44261682
FCX,2009-05-06,00:00:00,24.43,25.24,23.70,25.00,39920872
FCX,2009-05-05,00:00:00,23.05,24.34,22.97,24.32,43291250
FCX,2009-05-04,00:00:00,21.30,22.80,21.23,22.24,34036262
FCX,2009-05-01,00:00:00,21.00,21.74,20.76,21.32,36343514
FCX,2009-04-30,00:00:00,19.64,20.80,19.52,20.48,34568534
FCX,2009-04-29,00:00:00,19.35,19.66,19.09,19.14,31521292
FCX,2009-04-28,00:00:00,19.73,20.25,19.45,19.84,26139654
FCX,2009-04-27,00:00:00,20.05,20.70,19.78,20.46,31080410
FCX,2009-04-24,00:00:00,20.01,20.14,19.26,19.58,32634242
FCX,2009-04-23,00:00:00,19.70,21.36,19.52,20.22,45901118
FCX,2009-04-22,00:00:00,19.02,20.38,19.00,20.36,32364584
FCX,2009-04-21,00:00:00,20.52,20.75,19.44,19.56,36366426
FCX,2009-04-20,00:00:00,21.78,21.90,21.23,21.70,29152216
FCX,2009-04-17,00:00:00,22.46,22.50,21.32,21.87,34974182
FCX,2009-04-16,00:00:00,22.18,22.46,21.82,22.40,33039206
FCX,2009-04-15,00:00:00,22.62,23.11,22.08,22.13,34891776
FCX,2009-04-14,00:00:00,22.51,23.01,21.68,22.80,35882110
FCX,2009-04-13,00:00:00,21.42,22.13,21.08,22.05,39515838
FCX,2009-04-09,00:00:00,20.81,21.05,19.84,20.31,32062066
FCX,2009-04-08,00:00:00,20.48,21.36,20.45,20.68,35747828
FCX,2009-04-07,00:00:00,20.68,20.92,20.18,20.88,31830204
FCX,2009-04-06,00:00:00,20.70,21.88,20.62,21.34,40157772
FCX,2009-04-03,00:00:00,20.74,21.44,20.68,20.78,43352752
FCX,2009-04-02,00:00:00,18.48,20.00,18.30,19.86,39333130
FCX,2009-04-01,00:00:00,19.54,19.60,18.26,19.06,55401652
FCX,2009-03-31,00:00:00,20.07,20.14,18.92,19.26,44006686
FCX,2009-03-30,00:00:00,20.82,21.44,20.66,21.06,30689074
FCX,2009-03-27,00:00:00,21.04,21.72,20.97,21.52,46641944
FCX,2009-03-26,00:00:00,20.62,21.35,19.62,20.33,42768472
FCX,2009-03-25,00:00:00,20.30,20.92,19.90,20.44,35198072
FCX,2009-03-24,00:00:00,20.37,21.07,19.88,20.94,39776116
FCX,2009-03-23,00:00:00,20.48,20.75,19.30,19.50,41902740
FCX,2009-03-20,00:00:00,20.18,21.31,19.93,20.02,71988182
FCX,2009-03-19,00:00:00,18.24,19.01,17.18,18.94,67996794
FCX,2009-03-18,00:00:00,18.11,18.50,17.62,18.46,43152554
FCX,2009-03-17,00:00:00,18.82,19.22,18.38,18.63,44788778
FCX,2009-03-16,00:00:00,19.00,19.00,18.08,18.52,49124480
FCX,2009-03-13,00:00:00,17.59,18.48,17.52,18.38,51871564
FCX,2009-03-12,00:00:00,17.22,18.03,16.98,17.78,57754928
FCX,2009-03-11,00:00:00,16.88,17.38,16.60,17.08,60181820
FCX,2009-03-10,00:00:00,16.40,17.21,16.04,16.16,54330860
FCX,2009-03-09,00:00:00,16.44,17.20,16.24,16.94,65312792
FCX,2009-03-06,00:00:00,15.39,16.15,15.26,15.82,56799848
FCX,2009-03-05,00:00:00,15.50,16.46,15.24,16.10,90730896
FCX,2009-03-04,00:00:00,13.86,14.57,13.58,14.20,55129722
FCX,2009-03-03,00:00:00,14.76,14.92,13.16,13.24,61595580
FCX,2009-03-02,00:00:00,14.38,15.70,14.20,15.21,47886604
FCX,2009-02-27,00:00:00,15.01,15.96,14.90,15.04,51337226
FCX,2009-02-26,00:00:00,14.38,14.98,13.90,14.66,56755456
FCX,2009-02-25,00:00:00,13.38,14.08,13.04,14.00,42708416
FCX,2009-02-24,00:00:00,14.72,14.75,13.06,13.17,46214684
FCX,2009-02-23,00:00:00,13.76,14.60,13.54,14.39,45852532
FCX,2009-02-20,00:00:00,14.68,14.84,13.98,14.14,48062008
FCX,2009-02-19,00:00:00,13.82,14.32,13.28,14.22,71543866
FCX,2009-02-18,00:00:00,14.40,14.47,13.52,13.56,49856826
FCX,2009-02-17,00:00:00,14.82,15.45,14.76,15.26,49038592
FCX,2009-02-13,00:00:00,13.75,14.84,13.55,14.70,51124518
FCX,2009-02-12,00:00:00,13.90,14.36,13.52,13.96,51707224
FCX,2009-02-11,00:00:00,14.70,15.02,13.40,13.64,46919804
FCX,2009-02-10,00:00:00,15.10,15.62,14.43,14.66,58142712
FCX,2009-02-09,00:00:00,14.66,15.24,14.61,14.90,62454384
FCX,2009-02-06,00:00:00,13.50,14.44,13.32,14.18,62373428
FCX,2009-02-05,00:00:00,13.62,14.06,13.22,13.64,72841764
FCX,2009-02-04,00:00:00,12.62,12.94,12.34,12.58,39364052
FCX,2009-02-03,00:00:00,12.11,12.80,12.11,12.30,38386726
FCX,2009-02-02,00:00:00,13.56,13.56,12.38,12.57,40146210
FCX,2009-01-30,00:00:00,13.46,13.68,13.12,13.34,42593574
FCX,2009-01-29,00:00:00,13.18,14.19,13.14,14.04,59072458
FCX,2009-01-28,00:00:00,12.69,13.10,12.34,12.82,42784420
FCX,2009-01-27,00:00:00,11.78,13.14,11.46,12.47,69626322
FCX,2009-01-26,00:00:00,10.88,12.03,10.58,11.40,54217744
FCX,2009-01-23,00:00:00,11.32,11.49,10.95,11.28,41546276
FCX,2009-01-22,00:00:00,11.28,11.77,10.84,11.75,51527720
FCX,2009-01-21,00:00:00,11.88,12.20,11.01,11.07,46140476
FCX,2009-01-20,00:00:00,12.85,12.96,11.58,12.20,56087142
FCX,2009-01-16,00:00:00,11.67,12.00,10.98,11.84,50354724
FCX,2009-01-15,00:00:00,12.46,12.49,11.06,11.52,66740936
FCX,2009-01-14,00:00:00,12.44,13.18,12.30,12.90,41940190
FCX,2009-01-13,00:00:00,13.77,13.84,12.56,12.72,40580204
FCX,2009-01-12,00:00:00,14.88,14.99,13.96,14.38,32759640
FCX,2009-01-09,00:00:00,13.70,14.68,13.53,14.62,40738812
FCX,2009-01-08,00:00:00,14.80,15.02,13.92,14.00,50390388
FCX,2009-01-07,00:00:00,14.78,15.72,14.52,15.40,70909740
FCX,2009-01-06,00:00:00,13.25,14.67,13.12,14.11,51364698
FCX,2009-01-05,00:00:00,12.44,13.48,12.40,13.37,32291918
FCX,2009-01-02,00:00:00,11.78,12.36,11.65,12.22,22577398
FCX,2008-12-31,00:00:00,11.74,11.88,11.36,11.86,18318554
FCX,2008-12-30,00:00:00,11.60,11.76,11.36,11.57,20707478
FCX,2008-12-29,00:00:00,10.84,11.38,10.74,11.29,12895452
FCX,2008-12-26,00:00:00,11.00,11.00,10.63,10.78,7101300
FCX,2008-12-24,00:00:00,10.72,11.21,10.59,10.86,21369502
FCX,2008-12-23,00:00:00,11.86,11.86,10.30,10.66,32680448
FCX,2008-12-22,00:00:00,11.56,11.92,11.26,11.66,36135188
FCX,2008-12-19,00:00:00,12.94,13.06,11.30,11.66,48365850
FCX,2008-12-18,00:00:00,12.30,13.34,12.21,13.00,52028520
FCX,2008-12-17,00:00:00,11.62,12.50,11.40,12.44,44702222
FCX,2008-12-16,00:00:00,11.56,11.90,10.91,11.26,37416562
FCX,2008-12-15,00:00:00,10.50,11.34,10.41,11.14,39914384
FCX,2008-12-12,00:00:00,11.28,12.60,11.11,11.42,60428118
FCX,2008-12-11,00:00:00,10.75,11.50,10.35,11.44,77442216
FCX,2008-12-10,00:00:00,9.75,10.48,9.52,9.87,51258054
FCX,2008-12-09,00:00:00,9.48,10.48,9.33,10.00,73237740
FCX,2008-12-08,00:00:00,8.56,8.58,7.85,8.40,82271352
FCX,2008-12-05,00:00:00,8.94,9.42,8.50,8.76,57762306
FCX,2008-12-04,00:00:00,9.24,9.44,8.50,9.02,102432486
FCX,2008-12-03,00:00:00,10.91,11.27,10.44,10.91,34663988
FCX,2008-12-02,00:00:00,11.26,11.34,10.40,10.46,34950124
FCX,2008-12-01,00:00:00,12.44,12.60,11.82,12.00,12090380
FCX,2008-11-28,00:00:00,11.30,12.80,11.28,12.66,35939494
FCX,2008-11-26,00:00:00,11.39,11.70,10.72,11.53,41497476
FCX,2008-11-25,00:00:00,10.34,11.46,10.02,10.96,49593768
FCX,2008-11-24,00:00:00,9.35,9.76,8.90,9.66,52824972
FCX,2008-11-21,00:00:00,9.94,9.99,8.64,8.80,66972370
FCX,2008-11-20,00:00:00,10.72,11.23,10.01,10.12,61925472
FCX,2008-11-19,00:00:00,11.58,11.58,10.50,10.84,50588626
FCX,2008-11-18,00:00:00,11.64,12.35,11.14,11.57,40256326
FCX,2008-11-17,00:00:00,12.68,13.16,11.99,12.17,40088400
FCX,2008-11-14,00:00:00,11.28,13.02,10.75,13.00,58137336
FCX,2008-11-13,00:00:00,12.00,12.12,10.97,11.14,45884144
FCX,2008-11-12,00:00:00,13.10,13.25,12.07,12.39,42957170
FCX,2008-11-11,00:00:00,14.80,15.10,13.54,13.73,41475650
FCX,2008-11-10,00:00:00,13.70,14.41,12.84,13.54,35542194
FCX,2008-11-07,00:00:00,14.60,14.77,13.38,13.44,41730132
FCX,2008-11-06,00:00:00,15.86,16.48,14.88,15.03,45030252
FCX,2008-11-05,00:00:00,15.08,16.72,15.04,16.47,44035992
FCX,2008-11-04,00:00:00,14.45,15.04,14.06,14.42,32982382
FCX,2008-11-03,00:00:00,14.83,15.22,14.05,14.53,39277238
FCX,2008-10-31,00:00:00,14.91,15.30,13.76,15.01,54190406
FCX,2008-10-30,00:00:00,13.88,15.12,13.62,14.12,67678572
FCX,2008-10-29,00:00:00,12.73,13.48,11.50,13.37,58908830
FCX,2008-10-28,00:00:00,12.50,13.10,11.88,11.88,54581230
FCX,2008-10-27,00:00:00,11.24,13.09,11.14,12.43,63052540
FCX,2008-10-24,00:00:00,13.25,14.14,12.13,13.14,67716380
FCX,2008-10-23,00:00:00,15.56,15.60,12.90,13.46,82040714
FCX,2008-10-22,00:00:00,17.25,17.65,16.34,16.37,53079122
FCX,2008-10-21,00:00:00,17.26,18.38,16.94,18.36,38731344
FCX,2008-10-20,00:00:00,15.88,18.15,15.45,16.46,53706574
FCX,2008-10-17,00:00:00,17.19,17.65,15.02,16.70,72205980
FCX,2008-10-16,00:00:00,19.00,19.12,16.50,16.56,58864468
FCX,2008-10-15,00:00:00,23.47,24.00,20.18,20.47,47781254
FCX,2008-10-14,00:00:00,19.72,22.68,18.38,22.68,57084708
FCX,2008-10-13,00:00:00,17.40,19.95,16.25,18.18,69598208
FCX,2008-10-10,00:00:00,22.86,23.33,18.67,19.20,60800114
FCX,2008-10-09,00:00:00,18.84,22.15,18.50,21.30,67304660
FCX,2008-10-08,00:00:00,22.86,23.25,19.25,19.34,57639532
FCX,2008-10-07,00:00:00,21.36,21.88,18.67,21.86,67271536
FCX,2008-10-06,00:00:00,23.20,24.80,22.08,22.43,42656900
FCX,2008-10-03,00:00:00,25.62,25.62,22.58,22.80,46942420
FCX,2008-10-02,00:00:00,28.04,28.38,25.68,26.48,36522002
FCX,2008-10-01,00:00:00,27.44,28.67,26.62,28.42,37668938
FCX,2008-09-30,00:00:00,30.08,30.19,25.60,26.61,51453264
FCX,2008-09-29,00:00:00,33.10,33.31,30.76,31.91,32626834
FCX,2008-09-26,00:00:00,33.38,34.82,32.38,34.20,25919454
FCX,2008-09-25,00:00:00,35.47,35.50,33.14,33.25,22052506
FCX,2008-09-24,00:00:00,35.76,37.40,34.64,34.76,30875414
FCX,2008-09-23,00:00:00,37.45,38.67,35.96,36.16,34449344
FCX,2008-09-22,00:00:00,35.65,37.38,34.22,36.76,36753540
FCX,2008-09-19,00:00:00,33.41,34.74,31.36,33.49,48025730
FCX,2008-09-18,00:00:00,32.40,34.19,30.50,32.70,51553176
FCX,2008-09-17,00:00:00,31.50,33.24,30.09,33.12,53633466
FCX,2008-09-16,00:00:00,34.90,35.42,32.60,32.92,31030326
FCX,2008-09-15,00:00:00,34.94,37.20,34.77,36.94,32012788
FCX,2008-09-12,00:00:00,33.79,34.56,31.65,34.13,50412072
FCX,2008-09-11,00:00:00,32.90,35.28,32.52,34.59,38186508
FCX,2008-09-10,00:00:00,35.13,35.22,32.44,32.58,50552562
FCX,2008-09-09,00:00:00,38.20,38.50,35.06,36.03,31741626
FCX,2008-09-08,00:00:00,37.46,37.78,34.62,36.96,64569272
FCX,2008-09-05,00:00:00,40.18,40.69,36.74,37.46,48250846
FCX,2008-09-04,00:00:00,41.40,41.97,39.20,40.18,30615818
FCX,2008-09-03,00:00:00,42.42,42.42,41.01,41.52,22384372
FCX,2008-09-02,00:00:00,45.26,45.30,44.50,44.66,8245104
FCX,2008-08-29,00:00:00,45.97,46.58,44.32,45.32,14508868
FCX,2008-08-28,00:00:00,44.82,45.80,44.66,45.54,10890934
FCX,2008-08-27,00:00:00,43.62,44.50,43.08,44.26,13279460
FCX,2008-08-26,00:00:00,45.80,45.86,43.53,43.90,13935328
FCX,2008-08-25,00:00:00,46.36,46.64,44.96,45.30,11883560
FCX,2008-08-22,00:00:00,46.49,47.38,46.08,46.83,23285724
FCX,2008-08-21,00:00:00,44.24,45.62,43.74,45.54,31605968
FCX,2008-08-20,00:00:00,41.22,43.20,40.82,42.35,22632884
FCX,2008-08-19,00:00:00,42.65,43.48,41.41,41.67,16760838
FCX,2008-08-18,00:00:00,43.42,43.42,41.56,42.20,19650248
FCX,2008-08-15,00:00:00,43.98,44.44,42.65,43.42,20113798
FCX,2008-08-14,00:00:00,42.23,44.74,41.75,44.25,28693120
FCX,2008-08-13,00:00:00,41.85,42.48,40.25,41.84,25031112
FCX,2008-08-12,00:00:00,42.75,42.92,39.88,41.15,30487178
FCX,2008-08-11,00:00:00,41.88,43.16,41.00,42.76,26796998
FCX,2008-08-08,00:00:00,44.54,45.85,42.88,43.63,31472998
FCX,2008-08-07,00:00:00,41.56,45.05,41.45,43.84,57066278
FCX,2008-08-06,00:00:00,40.14,41.86,37.90,39.50,60723438
FCX,2008-08-05,00:00:00,44.49,45.05,39.36,40.18,55237642
FCX,2008-08-04,00:00:00,47.86,47.97,45.25,45.66,21486260
FCX,2008-08-01,00:00:00,50.40,50.50,48.36,48.38,16166690
FCX,2008-07-31,00:00:00,47.83,50.70,47.18,50.70,20335570
FCX,2008-07-30,00:00:00,48.00,48.74,47.26,47.82,13045014
FCX,2008-07-29,00:00:00,48.44,49.30,47.60,47.79,12423486
FCX,2008-07-28,00:00:00,47.70,49.06,46.91,48.13,13921736
FCX,2008-07-25,00:00:00,49.43,50.34,47.00,47.29,23546524
FCX,2008-07-24,00:00:00,50.36,51.44,49.25,49.37,27414206
FCX,2008-07-23,00:00:00,51.68,52.50,49.14,50.26,29237148
FCX,2008-07-22,00:00:00,52.48,53.61,51.36,53.50,13969416
FCX,2008-07-21,00:00:00,49.74,54.24,48.54,51.62,35561488
FCX,2008-07-18,00:00:00,50.34,51.74,48.66,49.72,20735462
FCX,2008-07-17,00:00:00,52.00,52.28,49.17,50.72,25257822
FCX,2008-07-16,00:00:00,54.98,55.98,51.88,52.48,19883908
FCX,2008-07-15,00:00:00,54.56,55.42,53.65,54.86,13171128
FCX,2008-07-14,00:00:00,53.00,54.56,52.31,53.87,17735746
FCX,2008-07-11,00:00:00,52.24,54.18,51.33,53.10,21046390
FCX,2008-07-10,00:00:00,53.24,55.00,51.88,51.88,22356098
FCX,2008-07-09,00:00:00,54.30,54.38,50.26,52.60,28080106
FCX,2008-07-08,00:00:00,53.98,56.24,53.50,54.80,22031938
FCX,2008-07-07,00:00:00,54.16,55.00,51.78,54.32,16479052
FCX,2008-07-03,00:00:00,58.00,58.50,53.78,53.78,32221884
FCX,2008-07-02,00:00:00,58.28,58.56,56.32,57.78,19897812
FCX,2008-07-01,00:00:00,59.05,59.98,57.78,58.60,14511354
FCX,2008-06-30,00:00:00,58.00,59.58,57.50,58.16,21304556
FCX,2008-06-27,00:00:00,59.25,59.94,57.11,57.83,19217504
FCX,2008-06-26,00:00:00,58.18,59.52,56.26,58.73,18887522
FCX,2008-06-25,00:00:00,59.44,59.50,57.34,57.86,20772140
FCX,2008-06-24,00:00:00,58.60,59.70,58.13,59.28,11900938
FCX,2008-06-23,00:00:00,60.22,61.00,58.20,58.52,16454876
FCX,2008-06-20,00:00:00,61.75,62.28,60.22,60.28,16855452
FCX,2008-06-19,00:00:00,61.25,62.14,60.26,61.09,17152298
FCX,2008-06-18,00:00:00,62.75,63.00,60.90,61.14,16394196
FCX,2008-06-17,00:00:00,62.00,63.32,61.55,62.33,16993852
FCX,2008-06-16,00:00:00,59.00,61.74,58.86,61.65,17776420
FCX,2008-06-13,00:00:00,60.04,60.05,57.90,58.74,17772466
FCX,2008-06-12,00:00:00,60.00,61.24,59.15,60.04,18000798
FCX,2008-06-11,00:00:00,58.73,61.82,58.30,59.70,34729760
FCX,2008-06-10,00:00:00,58.48,59.62,58.08,59.13,14268762
FCX,2008-06-09,00:00:00,59.09,60.00,57.87,57.88,16360818
FCX,2008-06-06,00:00:00,56.29,58.78,56.29,58.53,16676960
FCX,2008-06-05,00:00:00,56.65,57.54,55.66,55.78,18501008
FCX,2008-06-04,00:00:00,57.30,58.35,56.34,57.10,14376074
FCX,2008-06-03,00:00:00,57.34,58.82,57.06,57.79,13551664
FCX,2008-06-02,00:00:00,57.38,58.30,57.04,57.86,14976594
FCX,2008-05-30,00:00:00,59.00,59.24,56.44,56.59,25685762
FCX,2008-05-29,00:00:00,58.12,59.84,57.20,59.84,16469918
FCX,2008-05-28,00:00:00,58.02,58.94,57.36,58.82,16609982
FCX,2008-05-27,00:00:00,59.50,59.54,57.50,58.60,16388336
FCX,2008-05-23,00:00:00,60.75,61.92,58.32,59.54,21432704
FCX,2008-05-22,00:00:00,63.00,63.62,60.08,60.29,22420628
FCX,2008-05-21,00:00:00,61.72,63.00,60.60,62.93,20465520
FCX,2008-05-20,00:00:00,62.24,63.50,61.50,62.42,25747786
FCX,2008-05-19,00:00:00,60.34,62.25,60.02,62.09,24268274
FCX,2008-05-16,00:00:00,58.64,59.98,58.50,59.72,20727932
FCX,2008-05-15,00:00:00,59.00,59.70,57.50,57.60,16610324
FCX,2008-05-14,00:00:00,56.67,58.80,56.18,58.68,17555050
FCX,2008-05-13,00:00:00,56.66,57.62,55.82,57.33,15110076
FCX,2008-05-12,00:00:00,58.61,58.68,56.03,57.11,15522600
FCX,2008-05-09,00:00:00,57.94,59.70,57.58,59.04,20312676
FCX,2008-05-08,00:00:00,58.24,59.41,56.92,57.18,17716878
FCX,2008-05-07,00:00:00,57.08,59.31,57.08,58.66,18699482
FCX,2008-05-06,00:00:00,57.48,58.37,57.00,58.00,18514366
FCX,2008-05-05,00:00:00,54.26,55.54,53.44,55.12,24561714
FCX,2008-05-02,00:00:00,55.75,56.40,53.03,53.98,31107276
FCX,2008-05-01,00:00:00,55.65,57.58,55.24,56.88,19110100
FCX,2008-04-30,00:00:00,56.75,57.18,55.14,55.36,16905282
FCX,2008-04-29,00:00:00,58.04,59.61,57.74,57.90,19082874
FCX,2008-04-28,00:00:00,56.40,58.81,55.14,58.49,19314216
FCX,2008-04-25,00:00:00,57.66,58.00,55.90,56.30,20619972
FCX,2008-04-24,00:00:00,61.12,61.64,57.66,58.04,33188576
FCX,2008-04-23,00:00:00,58.86,60.64,58.32,59.32,29562582
FCX,2008-04-22,00:00:00,57.00,57.74,56.34,57.57,15571224
FCX,2008-04-21,00:00:00,55.60,57.00,55.06,56.94,20377132
FCX,2008-04-18,00:00:00,55.66,57.38,55.12,56.33,18962200
FCX,2008-04-17,00:00:00,54.25,56.64,53.94,56.61,26715880
FCX,2008-04-16,00:00:00,53.56,54.10,52.03,52.75,23120664
FCX,2008-04-15,00:00:00,53.20,53.41,52.05,52.70,15815574
FCX,2008-04-14,00:00:00,53.76,54.88,52.95,53.10,16455850
FCX,2008-04-11,00:00:00,55.12,55.30,53.34,54.82,18718014
FCX,2008-04-10,00:00:00,54.06,55.40,53.78,54.90,22083476
FCX,2008-04-09,00:00:00,52.74,54.38,52.57,53.88,20443872
FCX,2008-04-08,00:00:00,54.69,55.77,52.84,53.51,28252668
FCX,2008-04-07,00:00:00,52.02,54.12,52.02,53.84,27671676
FCX,2008-04-04,00:00:00,49.45,52.42,49.38,51.84,34307698
FCX,2008-04-03,00:00:00,49.30,50.16,49.11,49.86,19262890
FCX,2008-04-02,00:00:00,47.14,48.89,46.50,48.82,22506968
FCX,2008-04-01,00:00:00,48.36,49.22,47.20,48.11,29961918
FCX,2008-03-31,00:00:00,48.72,49.27,48.12,48.30,14258866
FCX,2008-03-28,00:00:00,49.56,49.98,48.41,48.86,38016692
FCX,2008-03-27,00:00:00,47.84,49.29,46.86,48.72,32551914
FCX,2008-03-26,00:00:00,45.51,46.72,45.18,46.20,26242318
FCX,2008-03-25,00:00:00,44.21,45.94,44.06,44.38,19059664
FCX,2008-03-24,00:00:00,42.50,44.88,41.30,43.54,42783530
FCX,2008-03-20,00:00:00,48.90,49.12,43.80,43.80,44041624
FCX,2008-03-19,00:00:00,48.69,49.66,48.00,49.34,26600836
FCX,2008-03-18,00:00:00,47.96,49.50,46.32,47.30,40326360
FCX,2008-03-17,00:00:00,52.18,52.72,49.62,50.80,23622490
FCX,2008-03-14,00:00:00,50.71,51.97,49.90,51.70,24977580
FCX,2008-03-13,00:00:00,50.39,51.94,50.32,50.94,21497416
FCX,2008-03-12,00:00:00,48.60,50.88,47.81,50.74,27825374
FCX,2008-03-11,00:00:00,49.12,49.36,46.94,46.98,27410000
FCX,2008-03-10,00:00:00,50.80,51.48,49.16,49.94,34023426
FCX,2008-03-07,00:00:00,52.12,53.02,51.26,52.17,31119796
FCX,2008-03-06,00:00:00,50.16,52.38,50.12,52.04,26850676
FCX,2008-03-05,00:00:00,51.02,51.83,48.32,49.46,27850060
FCX,2008-03-04,00:00:00,50.93,52.47,50.40,51.72,19075810
FCX,2008-03-03,00:00:00,52.80,52.94,49.98,50.43,25688608
FCX,2008-02-29,00:00:00,51.64,53.68,51.56,53.28,21849118
FCX,2008-02-28,00:00:00,50.12,52.50,49.75,51.81,26581468
FCX,2008-02-27,00:00:00,50.00,50.95,49.11,50.16,19498116
FCX,2008-02-26,00:00:00,49.76,50.39,48.45,50.28,20249154
FCX,2008-02-25,00:00:00,50.70,50.70,48.48,49.68,19193792
FCX,2008-02-22,00:00:00,50.13,51.41,49.70,49.94,31210644
FCX,2008-02-21,00:00:00,48.32,49.78,48.01,49.66,18051222
FCX,2008-02-20,00:00:00,48.13,49.88,48.08,48.97,26719404
FCX,2008-02-19,00:00:00,46.10,46.72,45.70,46.59,21957626
FCX,2008-02-15,00:00:00,47.18,47.62,45.62,46.15,16824788
FCX,2008-02-14,00:00:00,46.82,47.42,45.24,47.08,21856116
FCX,2008-02-13,00:00:00,47.14,48.00,45.96,46.36,27155450
FCX,2008-02-12,00:00:00,46.06,47.00,45.52,46.74,19458598
FCX,2008-02-11,00:00:00,43.72,45.90,43.72,45.44,21429492
FCX,2008-02-08,00:00:00,41.74,44.41,41.30,43.53,25755274
FCX,2008-02-07,00:00:00,43.45,44.38,42.22,42.48,19155762
FCX,2008-02-06,00:00:00,44.22,44.46,42.89,42.96,22201082
FCX,2008-02-05,00:00:00,46.30,46.50,44.82,45.59,15042448
FCX,2008-02-04,00:00:00,46.12,46.85,44.72,46.05,33890972
FCX,2008-02-01,00:00:00,42.62,44.96,41.98,44.41,30664238
FCX,2008-01-31,00:00:00,43.00,44.40,42.08,43.40,26868410
FCX,2008-01-30,00:00:00,43.62,43.98,42.38,43.12,18063636
FCX,2008-01-29,00:00:00,42.00,43.16,40.90,42.65,19114242
FCX,2008-01-28,00:00:00,43.24,44.26,41.40,42.11,27605086
FCX,2008-01-25,00:00:00,39.64,41.98,39.62,41.72,41418932
FCX,2008-01-24,00:00:00,37.98,38.84,34.48,38.65,73670540
FCX,2008-01-23,00:00:00,38.59,42.00,38.59,40.76,37204550
FCX,2008-01-22,00:00:00,41.86,42.69,40.00,42.06,39496130
FCX,2008-01-18,00:00:00,44.89,44.98,40.50,40.74,49928530
FCX,2008-01-17,00:00:00,46.50,46.84,42.50,44.32,44767470
FCX,2008-01-16,00:00:00,48.14,48.60,46.90,47.42,20369802
FCX,2008-01-15,00:00:00,47.93,49.40,46.96,49.06,25468764
FCX,2008-01-14,00:00:00,47.86,48.44,46.60,47.06,25796524
FCX,2008-01-11,00:00:00,47.97,48.82,46.62,48.38,22915332
FCX,2008-01-10,00:00:00,47.88,48.88,46.09,48.43,27743334
FCX,2008-01-09,00:00:00,48.92,49.52,47.62,47.90,26225864
FCX,2008-01-08,00:00:00,50.06,50.22,46.63,47.73,25281164
FCX,2008-01-07,00:00:00,51.25,51.35,49.21,49.86,20338470
FCX,2008-01-04,00:00:00,51.92,53.12,51.12,52.06,16290468
FCX,2008-01-03,00:00:00,51.54,52.48,50.84,51.64,16641864
FCX,2008-01-02,00:00:00,51.76,52.00,50.56,51.22,7579672
FCX,2007-12-31,00:00:00,52.49,52.69,51.68,52.28,8785496
FCX,2007-12-28,00:00:00,52.78,53.00,51.58,51.96,15263636
FCX,2007-12-27,00:00:00,52.28,53.52,52.12,53.33,10563262
FCX,2007-12-26,00:00:00,52.24,52.50,51.60,51.88,4946568
FCX,2007-12-24,00:00:00,51.38,51.94,51.13,51.46,22129674
FCX,2007-12-21,00:00:00,49.57,50.50,48.80,50.46,17859906
FCX,2007-12-20,00:00:00,48.80,50.25,48.58,49.18,18090120
FCX,2007-12-19,00:00:00,48.50,48.94,46.44,48.44,27818826
FCX,2007-12-18,00:00:00,50.27,50.40,47.00,47.46,28448486
FCX,2007-12-17,00:00:00,50.83,52.13,50.16,51.06,14434674
FCX,2007-12-14,00:00:00,52.00,52.27,50.40,51.52,18848736
FCX,2007-12-13,00:00:00,53.00,53.81,51.76,52.94,21278950
FCX,2007-12-12,00:00:00,54.00,54.90,51.11,51.36,26577100
FCX,2007-12-11,00:00:00,54.54,54.94,53.38,54.09,11380032
FCX,2007-12-10,00:00:00,53.50,54.75,53.13,54.05,27113010
FCX,2007-12-07,00:00:00,51.14,52.72,51.08,52.44,21019256
FCX,2007-12-06,00:00:00,49.30,50.98,49.15,50.80,22455838
FCX,2007-12-05,00:00:00,47.33,48.96,46.89,48.68,18791286
FCX,2007-12-04,00:00:00,48.88,49.17,47.94,48.42,15475212
FCX,2007-12-03,00:00:00,49.87,50.50,48.60,49.46,28351744
FCX,2007-11-30,00:00:00,47.08,49.08,46.13,48.32,27860864
FCX,2007-11-29,00:00:00,45.60,47.15,45.20,46.96,35664034
FCX,2007-11-28,00:00:00,44.60,45.94,42.86,44.64,37764252
FCX,2007-11-27,00:00:00,46.75,47.49,44.58,44.65,21614478
FCX,2007-11-26,00:00:00,46.05,47.03,45.75,46.58,10490796
FCX,2007-11-23,00:00:00,44.67,45.46,43.63,45.03,35772888
FCX,2007-11-21,00:00:00,46.54,47.25,44.86,45.92,38607936
FCX,2007-11-20,00:00:00,49.26,49.40,45.68,46.25,40087872
FCX,2007-11-19,00:00:00,50.27,50.84,49.16,50.02,24324846
FCX,2007-11-16,00:00:00,50.52,51.50,49.11,49.88,31340272
FCX,2007-11-15,00:00:00,52.50,53.70,51.09,52.00,31832018
FCX,2007-11-14,00:00:00,50.64,51.34,49.38,50.69,37250056
FCX,2007-11-13,00:00:00,53.30,53.78,48.71,49.62,35006270
FCX,2007-11-12,00:00:00,55.12,56.04,53.60,54.80,25489954
FCX,2007-11-09,00:00:00,56.50,56.94,54.00,55.80,30832572
FCX,2007-11-08,00:00:00,57.00,57.12,53.60,54.05,24609670
FCX,2007-11-07,00:00:00,56.24,56.95,54.87,56.75,16166746
FCX,2007-11-06,00:00:00,54.76,56.37,54.00,55.08,21564616
FCX,2007-11-05,00:00:00,56.76,57.10,55.00,56.40,21333900
FCX,2007-11-02,00:00:00,57.88,57.88,55.35,56.02,22961400
FCX,2007-11-01,00:00:00,57.88,59.00,56.76,58.84,19652000
FCX,2007-10-31,00:00:00,58.00,58.34,56.92,57.00,15628000
FCX,2007-10-30,00:00:00,59.24,59.62,58.38,58.93,16797130
FCX,2007-10-29,00:00:00,57.46,58.85,57.06,58.42,20354260
FCX,2007-10-26,00:00:00,56.52,56.75,55.38,56.42,17137000
FCX,2007-10-25,00:00:00,55.50,56.30,53.90,55.92,21528800
FCX,2007-10-24,00:00:00,54.39,55.78,54.25,55.58,24049400
FCX,2007-10-23,00:00:00,53.25,54.10,51.68,53.36,21836050
FCX,2007-10-22,00:00:00,56.73,56.93,54.30,54.87,21345836
FCX,2007-10-19,00:00:00,55.18,56.92,55.02,56.88,15431000
FCX,2007-10-18,00:00:00,56.48,57.05,55.08,55.32,22083600
FCX,2007-10-17,00:00:00,56.40,56.75,55.04,55.47,17744512
FCX,2007-10-16,00:00:00,59.16,59.32,56.43,56.95,20881600
FCX,2007-10-15,00:00:00,57.24,58.26,56.50,58.21,16021598
FCX,2007-10-12,00:00:00,59.52,60.10,55.85,56.73,32289362
FCX,2007-10-11,00:00:00,57.32,59.21,56.86,58.70,27926600
FCX,2007-10-10,00:00:00,54.44,56.98,54.09,56.53,17821800
FCX,2007-10-09,00:00:00,54.34,54.74,53.49,54.06,12281800
FCX,2007-10-08,00:00:00,54.52,56.09,54.26,55.33,18082600
FCX,2007-10-05,00:00:00,53.45,54.52,52.45,54.13,18725200
FCX,2007-10-04,00:00:00,54.40,54.73,53.11,53.75,16086540
FCX,2007-10-03,00:00:00,54.82,55.25,53.30,54.58,18842200
FCX,2007-10-02,00:00:00,52.87,55.74,52.63,55.59,27040300
FCX,2007-10-01,00:00:00,53.80,53.94,52.08,52.44,15903378
FCX,2007-09-28,00:00:00,52.70,53.82,52.38,53.40,22197292
FCX,2007-09-27,00:00:00,53.13,53.88,51.12,51.96,20958692
FCX,2007-09-26,00:00:00,53.00,53.24,52.14,52.60,20687046
FCX,2007-09-25,00:00:00,55.12,55.30,53.66,53.86,17420700
FCX,2007-09-24,00:00:00,54.64,54.64,53.78,54.34,20705054
FCX,2007-09-21,00:00:00,53.28,54.10,52.49,53.78,20140886
FCX,2007-09-20,00:00:00,52.68,55.05,52.20,52.75,40794168
FCX,2007-09-19,00:00:00,49.09,51.86,48.28,51.65,26972982
FCX,2007-09-18,00:00:00,48.76,49.80,48.29,48.54,16400180
FCX,2007-09-17,00:00:00,47.52,49.18,47.42,48.85,20439136
FCX,2007-09-14,00:00:00,46.24,48.24,45.99,48.05,24184680
FCX,2007-09-13,00:00:00,45.63,46.52,45.06,45.75,16836230
FCX,2007-09-12,00:00:00,45.12,46.02,44.88,45.98,21228400
FCX,2007-09-11,00:00:00,45.28,45.74,43.42,44.54,17588600
FCX,2007-09-10,00:00:00,44.84,45.60,44.40,45.09,24154700
FCX,2007-09-07,00:00:00,45.26,46.06,44.40,45.85,19685750
FCX,2007-09-06,00:00:00,45.00,45.71,44.32,44.72,15924200
FCX,2007-09-05,00:00:00,43.54,45.75,43.27,45.52,18638400
FCX,2007-09-04,00:00:00,43.62,44.25,43.48,43.71,16626200
FCX,2007-08-31,00:00:00,41.73,43.25,41.44,42.50,12349600
FCX,2007-08-30,00:00:00,41.50,42.68,41.42,42.55,13983600
FCX,2007-08-29,00:00:00,42.38,42.38,40.55,41.02,16229600
FCX,2007-08-28,00:00:00,43.58,43.94,42.58,42.86,12631794
FCX,2007-08-27,00:00:00,42.15,43.56,41.92,43.56,15354400
FCX,2007-08-24,00:00:00,42.80,43.60,41.42,42.12,22230000
FCX,2007-08-23,00:00:00,41.60,42.80,41.60,42.80,24333800
FCX,2007-08-22,00:00:00,40.00,41.56,39.56,40.64,23344890
FCX,2007-08-21,00:00:00,39.50,40.36,38.58,39.98,27307014
FCX,2007-08-20,00:00:00,37.96,39.38,35.78,38.45,44249710
FCX,2007-08-17,00:00:00,37.74,37.74,33.54,36.54,64196444
FCX,2007-08-16,00:00:00,41.10,41.18,38.50,38.94,29795294
FCX,2007-08-15,00:00:00,44.00,44.16,41.28,41.68,19554548
FCX,2007-08-14,00:00:00,43.93,44.50,43.46,43.90,14780400
FCX,2007-08-13,00:00:00,42.04,43.88,41.51,43.23,22027016
FCX,2007-08-10,00:00:00,43.74,44.44,42.50,42.93,29324502
FCX,2007-08-09,00:00:00,43.60,45.68,43.42,45.36,20056730
FCX,2007-08-08,00:00:00,42.74,44.06,41.90,43.89,19248394
FCX,2007-08-07,00:00:00,43.62,43.79,40.70,42.74,31652198
FCX,2007-08-06,00:00:00,45.08,45.75,43.05,43.07,18888158
FCX,2007-08-03,00:00:00,45.64,45.75,44.32,45.28,18951616
FCX,2007-08-02,00:00:00,46.12,47.10,43.38,44.88,33262698
FCX,2007-08-01,00:00:00,46.88,48.86,46.88,46.99,19765928
FCX,2007-07-31,00:00:00,45.67,47.03,45.08,46.88,23555418
FCX,2007-07-30,00:00:00,44.87,46.11,43.42,44.98,26495996
FCX,2007-07-27,00:00:00,46.01,46.19,43.62,44.87,32007788
FCX,2007-07-26,00:00:00,47.50,49.05,44.57,47.05,35375418
FCX,2007-07-25,00:00:00,49.30,49.52,47.00,47.50,21505210
FCX,2007-07-24,00:00:00,49.26,50.08,48.70,49.50,16893218
FCX,2007-07-23,00:00:00,48.83,49.92,48.28,49.52,23202168
FCX,2007-07-20,00:00:00,46.55,48.94,47.00,48.83,24232554
FCX,2007-07-19,00:00:00,45.74,46.70,45.30,46.55,15032740
FCX,2007-07-18,00:00:00,46.89,46.99,45.64,45.95,15732708
FCX,2007-07-17,00:00:00,47.40,47.60,45.84,46.47,13816288
FCX,2007-07-16,00:00:00,47.28,47.92,46.72,47.12,13970342
FCX,2007-07-13,00:00:00,45.34,47.72,45.50,47.28,25008616
FCX,2007-07-12,00:00:00,44.82,46.00,44.76,45.50,23833600
FCX,2007-07-11,00:00:00,44.15,44.98,43.56,44.30,14616800
FCX,2007-07-10,00:00:00,44.78,45.25,44.40,44.44,20186612
FCX,2007-07-09,00:00:00,43.20,44.58,43.08,44.20,16635400
FCX,2007-07-06,00:00:00,42.88,43.34,42.55,42.83,13492540
FCX,2007-07-05,00:00:00,43.24,43.24,42.47,42.55,7043600
FCX,2007-07-03,00:00:00,42.00,42.36,41.62,42.34,11766158
FCX,2007-07-02,00:00:00,41.77,42.00,40.88,41.41,13705000
FCX,2007-06-29,00:00:00,41.24,41.99,41.08,41.16,17266178
FCX,2007-06-28,00:00:00,38.74,41.20,38.18,41.04,31313892
FCX,2007-06-27,00:00:00,40.92,40.99,38.64,39.17,23322070
FCX,2007-06-26,00:00:00,41.22,41.50,40.50,40.62,12024710
FCX,2007-06-25,00:00:00,41.55,41.86,41.06,41.42,14444820
FCX,2007-06-22,00:00:00,40.87,41.72,40.00,41.65,19001340
FCX,2007-06-21,00:00:00,41.43,41.95,40.57,40.66,13817038
FCX,2007-06-20,00:00:00,40.99,41.89,40.81,41.43,17005200
FCX,2007-06-19,00:00:00,42.66,42.75,41.65,41.76,13645472
FCX,2007-06-18,00:00:00,42.36,42.45,41.88,42.21,21592000
FCX,2007-06-15,00:00:00,41.01,42.43,41.01,41.82,22325342
FCX,2007-06-14,00:00:00,39.84,41.52,39.71,40.88,32918586
FCX,2007-06-13,00:00:00,38.36,39.92,38.25,39.48,32164924
FCX,2007-06-12,00:00:00,37.98,39.39,37.64,38.72,20922136
FCX,2007-06-11,00:00:00,36.53,38.14,36.25,38.09,23838168
FCX,2007-06-08,00:00:00,38.53,38.74,37.16,37.27,19786384
FCX,2007-06-07,00:00:00,38.86,38.88,37.62,38.07,16965690
FCX,2007-06-06,00:00:00,39.56,39.56,38.54,39.09,17204336
FCX,2007-06-05,00:00:00,39.71,39.88,39.04,39.65,13826420
FCX,2007-06-04,00:00:00,39.35,40.00,39.28,39.75,17933974
FCX,2007-06-01,00:00:00,39.13,39.45,39.00,39.35,17377600
FCX,2007-05-31,00:00:00,37.50,38.96,37.24,38.88,22579780
FCX,2007-05-30,00:00:00,37.28,38.09,37.25,37.92,20499478
FCX,2007-05-29,00:00:00,36.38,37.37,36.38,37.30,14421962
FCX,2007-05-25,00:00:00,36.52,37.27,35.75,36.14,22151974
FCX,2007-05-24,00:00:00,35.80,37.62,35.78,36.88,34869616
FCX,2007-05-23,00:00:00,36.25,36.56,35.61,35.68,16070200
FCX,2007-05-22,00:00:00,35.67,36.62,35.65,36.19,22396386
FCX,2007-05-21,00:00:00,35.50,35.86,35.02,35.58,18095334
FCX,2007-05-18,00:00:00,35.09,35.74,34.55,35.47,24496650
FCX,2007-05-17,00:00:00,35.90,36.02,35.25,35.64,18344702
FCX,2007-05-16,00:00:00,35.82,36.52,35.82,35.98,14844634
FCX,2007-05-15,00:00:00,36.80,36.80,35.00,35.84,20679814
FCX,2007-05-14,00:00:00,35.87,36.50,35.76,36.46,17328042
FCX,2007-05-11,00:00:00,36.00,36.36,35.38,35.52,18429954
FCX,2007-05-10,00:00:00,35.75,36.63,35.71,36.50,16738800
FCX,2007-05-09,00:00:00,35.80,35.88,35.26,35.76,14567570
FCX,2007-05-08,00:00:00,36.04,36.73,36.04,36.08,15553268
FCX,2007-05-07,00:00:00,35.80,35.98,35.52,35.82,18373762
FCX,2007-05-04,00:00:00,34.59,35.48,34.10,35.35,16906376
FCX,2007-05-03,00:00:00,33.52,34.60,33.50,34.34,16070480
FCX,2007-05-02,00:00:00,33.50,33.80,33.20,33.68,15819334
FCX,2007-05-01,00:00:00,34.00,34.35,33.48,33.58,17784394
FCX,2007-04-30,00:00:00,33.94,34.20,33.76,34.00,14083794
FCX,2007-04-27,00:00:00,34.86,34.88,34.16,34.23,25279120
FCX,2007-04-26,00:00:00,35.34,35.38,34.00,35.00,24350968
FCX,2007-04-25,00:00:00,35.30,35.46,34.21,34.68,26146856
FCX,2007-04-24,00:00:00,35.06,35.72,35.00,35.18,17984326
FCX,2007-04-23,00:00:00,35.30,35.30,34.82,35.00,17063572
FCX,2007-04-20,00:00:00,34.58,34.77,34.12,34.57,21493294
FCX,2007-04-19,00:00:00,35.09,35.84,35.02,35.08,26061402
FCX,2007-04-18,00:00:00,35.42,36.00,35.38,35.67,20067160
FCX,2007-04-17,00:00:00,35.38,35.72,35.09,35.56,23733714
FCX,2007-04-16,00:00:00,35.15,35.68,34.80,35.58,22221982
FCX,2007-04-13,00:00:00,34.84,35.08,34.45,34.92,24200014
FCX,2007-04-12,00:00:00,35.23,35.67,34.76,34.96,38754166
FCX,2007-04-11,00:00:00,34.87,35.48,34.78,35.23,39404588
FCX,2007-04-10,00:00:00,34.04,34.62,34.00,34.49,17842780
FCX,2007-04-09,00:00:00,33.80,34.25,33.66,33.78,20709386
FCX,2007-04-05,00:00:00,33.75,33.93,33.27,33.80,25307600
FCX,2007-04-04,00:00:00,33.65,34.04,33.50,33.70,22989862
FCX,2007-04-03,00:00:00,33.24,33.47,32.81,33.36,23597600
FCX,2007-04-02,00:00:00,32.68,33.60,32.96,33.10,27505200
FCX,2007-03-30,00:00:00,32.74,33.18,32.24,32.68,33799800
FCX,2007-03-29,00:00:00,32.50,32.50,31.88,32.10,22881928
FCX,2007-03-28,00:00:00,32.38,32.46,31.76,32.36,43363318
FCX,2007-03-27,00:00:00,31.60,32.55,31.30,32.35,57087924
FCX,2007-03-26,00:00:00,30.72,31.22,30.65,31.15,93858900
FCX,2007-03-23,00:00:00,31.28,31.84,30.93,30.96,33051698
FCX,2007-03-22,00:00:00,31.33,31.38,30.43,31.28,25634146
FCX,2007-03-21,00:00:00,31.22,31.64,30.90,31.18,25913440
FCX,2007-03-20,00:00:00,30.66,31.58,30.01,31.22,40361230
FCX,2007-03-19,00:00:00,30.18,30.94,29.91,30.36,24909800
FCX,2007-03-16,00:00:00,28.19,30.34,28.56,30.08,36366666
FCX,2007-03-15,00:00:00,28.03,28.44,27.06,28.19,27740748
FCX,2007-03-14,00:00:00,28.76,29.45,28.00,28.01,13800200
FCX,2007-03-13,00:00:00,28.37,29.36,28.15,28.97,18897268
FCX,2007-03-12,00:00:00,29.15,29.15,28.12,28.37,17758236
FCX,2007-03-09,00:00:00,28.68,29.48,28.50,28.82,21505200
FCX,2007-03-08,00:00:00,27.72,28.50,27.64,28.10,10922102
FCX,2007-03-07,00:00:00,27.35,27.89,27.18,27.72,11352454
FCX,2007-03-06,00:00:00,26.68,27.32,26.26,26.54,19828200
FCX,2007-03-05,00:00:00,28.34,28.49,27.26,27.32,16601400
FCX,2007-03-02,00:00:00,28.70,28.67,27.57,28.11,15155136
FCX,2007-03-01,00:00:00,28.06,28.78,27.38,28.70,22126000
FCX,2007-02-28,00:00:00,29.78,29.98,27.62,27.88,29203000
FCX,2007-02-27,00:00:00,30.51,31.00,30.16,30.96,21867710
FCX,2007-02-26,00:00:00,29.90,30.25,29.78,29.96,10163800
FCX,2007-02-23,00:00:00,29.56,30.04,29.46,29.78,14293400
FCX,2007-02-22,00:00:00,28.24,29.37,28.18,29.24,12540400
FCX,2007-02-21,00:00:00,28.45,28.56,28.12,28.24,7207600
FCX,2007-02-20,00:00:00,28.92,29.06,28.55,28.78,7607000
FCX,2007-02-16,00:00:00,28.85,29.30,28.60,28.92,17631800
FCX,2007-02-15,00:00:00,28.20,28.52,27.78,28.32,18703364
FCX,2007-02-14,00:00:00,26.62,28.22,27.01,28.10,17715526
FCX,2007-02-13,00:00:00,26.32,27.00,26.32,26.62,6465762
FCX,2007-02-12,00:00:00,27.00,27.32,26.56,26.82,16154000
FCX,2007-02-09,00:00:00,27.04,27.04,26.56,26.72,16145400
FCX,2007-02-08,00:00:00,27.20,27.46,26.88,26.98,8168000
FCX,2007-02-07,00:00:00,27.50,27.60,27.08,27.20,10537200
FCX,2007-02-06,00:00:00,27.90,27.98,27.12,27.28,11310800
FCX,2007-02-05,00:00:00,27.75,28.04,27.50,27.62,16884800
FCX,2007-02-02,00:00:00,28.91,29.02,28.36,28.38,14710800
FCX,2007-02-01,00:00:00,28.15,28.78,28.06,28.76,11153600
FCX,2007-01-31,00:00:00,28.00,28.50,27.44,28.25,17590800
FCX,2007-01-30,00:00:00,28.64,28.86,27.46,27.54,20711000
FCX,2007-01-29,00:00:00,28.90,29.27,28.58,29.24,13013400
FCX,2007-01-26,00:00:00,28.48,29.28,28.35,29.19,27635000
FCX,2007-01-25,00:00:00,27.62,28.30,27.28,28.17,17032200
FCX,2007-01-24,00:00:00,26.56,27.60,26.56,27.48,16741400
FCX,2007-01-23,00:00:00,26.55,26.90,26.12,26.38,12046200
FCX,2007-01-22,00:00:00,26.50,27.50,26.44,26.98,12141000
FCX,2007-01-19,00:00:00,26.98,26.99,25.96,26.29,14203200
FCX,2007-01-18,00:00:00,26.76,26.82,26.02,26.74,15846800
FCX,2007-01-17,00:00:00,27.40,27.52,26.64,26.70,18199800
FCX,2007-01-16,00:00:00,26.80,27.74,26.71,27.50,10880000
FCX,2007-01-12,00:00:00,26.31,27.13,26.10,26.90,10728600
FCX,2007-01-11,00:00:00,25.90,26.68,25.50,26.60,12428200
FCX,2007-01-10,00:00:00,26.08,26.28,25.64,25.95,13737600
FCX,2007-01-09,00:00:00,25.98,26.20,25.70,26.12,15165400
FCX,2007-01-08,00:00:00,25.88,26.21,24.97,25.74,15240400
FCX,2007-01-05,00:00:00,24.70,25.49,24.42,25.48,22134200
FCX,2007-01-04,00:00:00,27.02,27.02,24.86,25.24,28466000
FCX,2007-01-03,00:00:00,28.01,28.12,27.58,27.86,5342000
FCX,2006-12-29,00:00:00,27.94,28.47,27.78,27.98,8102000
FCX,2006-12-28,00:00:00,27.38,28.15,27.32,28.06,8405000
FCX,2006-12-27,00:00:00,27.28,27.45,26.94,27.27,5267800
FCX,2006-12-26,00:00:00,27.55,27.62,26.70,26.92,9775800
FCX,2006-12-22,00:00:00,28.99,29.00,27.08,27.42,20223200
FCX,2006-12-21,00:00:00,29.84,29.92,29.00,29.19,8922800
FCX,2006-12-20,00:00:00,29.36,30.12,29.18,30.06,7837000
FCX,2006-12-19,00:00:00,29.84,29.92,29.35,29.38,8278000
FCX,2006-12-18,00:00:00,29.88,30.23,29.50,30.04,14302600
FCX,2006-12-15,00:00:00,29.50,30.00,29.42,29.86,7208600
FCX,2006-12-14,00:00:00,29.92,29.92,29.12,29.42,9981400
FCX,2006-12-13,00:00:00,29.90,30.22,29.08,29.72,14557000
FCX,2006-12-12,00:00:00,31.05,31.21,30.49,30.68,10616000
FCX,2006-12-11,00:00:00,30.90,31.10,30.55,30.90,8847600
FCX,2006-12-08,00:00:00,31.00,31.26,30.55,30.96,9145600
FCX,2006-12-07,00:00:00,30.72,31.31,30.55,31.00,13938800
FCX,2006-12-06,00:00:00,31.00,31.12,30.57,30.87,13459200
FCX,2006-12-05,00:00:00,31.05,31.16,30.28,30.46,9140200
FCX,2006-12-04,00:00:00,31.44,31.44,30.44,30.75,15407400
FCX,2006-12-01,00:00:00,31.00,31.85,30.45,31.44,18961400
FCX,2006-11-30,00:00:00,30.52,31.00,30.05,30.82,16648600
FCX,2006-11-29,00:00:00,30.88,31.12,30.06,30.40,21696000
FCX,2006-11-28,00:00:00,31.00,31.45,30.51,30.72,16562800
FCX,2006-11-27,00:00:00,30.64,31.16,30.41,30.93,8200400
FCX,2006-11-24,00:00:00,29.60,31.50,29.54,30.90,32381800
FCX,2006-11-22,00:00:00,27.92,29.82,27.50,29.20,34896600
FCX,2006-11-21,00:00:00,27.89,29.85,27.64,27.82,45927000
FCX,2006-11-20,00:00:00,27.75,28.78,27.48,28.70,11893200
FCX,2006-11-17,00:00:00,28.85,29.14,28.00,28.08,7210600
FCX,2006-11-16,00:00:00,28.30,29.02,27.92,28.78,8564000
FCX,2006-11-15,00:00:00,29.15,29.32,28.32,28.50,7814600
FCX,2006-11-14,00:00:00,28.75,29.06,28.04,28.96,10136600
FCX,2006-11-13,00:00:00,29.78,30.04,28.78,29.41,9620600
FCX,2006-11-10,00:00:00,29.78,30.74,29.64,30.42,8508000
FCX,2006-11-09,00:00:00,30.12,30.32,29.44,29.52,8602600
FCX,2006-11-08,00:00:00,30.82,30.96,30.08,30.36,7084000
FCX,2006-11-07,00:00:00,30.53,30.74,30.05,30.66,8455400
FCX,2006-11-06,00:00:00,30.35,30.96,30.14,30.58,8265200
FCX,2006-11-03,00:00:00,29.82,30.33,29.50,30.12,5223600
FCX,2006-11-02,00:00:00,30.50,30.86,29.53,29.84,9164200
FCX,2006-11-01,00:00:00,29.76,30.38,29.68,30.24,7187400
FCX,2006-10-31,00:00:00,29.44,30.02,29.32,29.60,5264200
FCX,2006-10-30,00:00:00,29.66,30.32,29.48,29.52,7792600
FCX,2006-10-27,00:00:00,30.04,30.06,29.20,29.70,5695400
FCX,2006-10-26,00:00:00,29.62,30.22,29.41,29.88,8316600
FCX,2006-10-25,00:00:00,28.72,29.99,28.50,29.91,9964000
FCX,2006-10-24,00:00:00,28.00,29.30,27.82,29.28,8593400
FCX,2006-10-23,00:00:00,29.01,29.06,28.24,28.24,5871200
FCX,2006-10-20,00:00:00,28.30,29.14,28.25,29.06,6335200
FCX,2006-10-19,00:00:00,29.05,29.33,28.00,28.21,7127400
FCX,2006-10-18,00:00:00,28.65,29.00,27.93,29.00,10069800
FCX,2006-10-17,00:00:00,28.44,29.02,28.27,29.00,7684600
FCX,2006-10-16,00:00:00,27.68,28.26,27.54,28.25,7579000
FCX,2006-10-13,00:00:00,26.66,27.50,26.46,27.50,7024600
FCX,2006-10-12,00:00:00,26.95,27.75,26.70,26.78,9744800
FCX,2006-10-11,00:00:00,26.38,27.40,26.25,27.20,7500000
FCX,2006-10-10,00:00:00,27.14,27.38,26.68,26.88,8175400
FCX,2006-10-09,00:00:00,26.00,26.70,25.68,26.40,9114000
FCX,2006-10-06,00:00:00,25.25,25.98,25.12,25.82,10716800
FCX,2006-10-05,00:00:00,24.88,25.12,23.80,24.52,14151800
FCX,2006-10-04,00:00:00,26.05,26.10,24.65,24.75,14813200
FCX,2006-10-03,00:00:00,26.95,27.47,26.68,26.74,6573200
FCX,2006-10-02,00:00:00,26.65,27.04,26.46,26.63,5393200
FCX,2006-09-29,00:00:00,27.02,27.36,26.70,26.75,4692000
FCX,2006-09-28,00:00:00,26.75,27.26,26.14,27.10,9535400
FCX,2006-09-27,00:00:00,25.74,26.86,25.40,26.75,11751400
FCX,2006-09-26,00:00:00,25.20,25.88,24.48,25.72,9731200
FCX,2006-09-25,00:00:00,26.08,26.25,25.30,25.40,6450600
FCX,2006-09-22,00:00:00,25.36,26.08,25.36,25.80,7247800
FCX,2006-09-21,00:00:00,25.68,26.10,25.20,25.36,7802400
FCX,2006-09-20,00:00:00,26.15,26.36,25.24,25.63,8594200
FCX,2006-09-19,00:00:00,26.08,26.87,25.82,26.72,8646600
FCX,2006-09-18,00:00:00,26.15,26.56,25.66,26.05,9674200
FCX,2006-09-15,00:00:00,27.50,27.54,25.60,26.00,11238000
FCX,2006-09-14,00:00:00,27.08,27.36,26.66,27.18,6705200
FCX,2006-09-13,00:00:00,26.98,27.34,26.28,26.70,11496400
FCX,2006-09-12,00:00:00,28.60,28.70,26.96,26.98,13145600
FCX,2006-09-11,00:00:00,29.40,29.52,29.14,29.16,5202200
FCX,2006-09-08,00:00:00,29.95,30.15,29.48,29.66,5881000
FCX,2006-09-07,00:00:00,30.70,30.80,30.12,30.18,5947200
FCX,2006-09-06,00:00:00,30.68,31.14,30.40,30.80,8329200
FCX,2006-09-05,00:00:00,29.17,29.86,28.71,29.68,5145400
FCX,2006-09-01,00:00:00,28.98,29.40,28.95,29.10,4973600
FCX,2006-08-31,00:00:00,28.72,28.88,28.31,28.54,4617200
FCX,2006-08-30,00:00:00,28.28,28.51,27.82,28.51,4341400
FCX,2006-08-29,00:00:00,28.46,28.64,28.18,28.30,3698400
FCX,2006-08-28,00:00:00,28.40,28.90,28.40,28.70,4262600
FCX,2006-08-25,00:00:00,28.48,28.76,28.01,28.32,3991600
FCX,2006-08-24,00:00:00,28.56,28.92,28.19,28.34,4698400
FCX,2006-08-23,00:00:00,28.44,28.57,28.08,28.45,6098200
FCX,2006-08-22,00:00:00,27.58,28.74,27.55,28.58,11497600
FCX,2006-08-21,00:00:00,27.00,27.28,26.80,27.28,4896600
FCX,2006-08-18,00:00:00,27.26,27.30,26.46,26.79,6304000
FCX,2006-08-17,00:00:00,27.27,27.66,27.11,27.36,5946400
FCX,2006-08-16,00:00:00,26.90,27.30,26.66,27.09,5042800
FCX,2006-08-15,00:00:00,26.75,27.22,26.52,26.56,4565400
FCX,2006-08-14,00:00:00,27.12,27.54,26.58,26.75,4467000
FCX,2006-08-11,00:00:00,26.95,27.14,26.61,27.12,7192200
FCX,2006-08-10,00:00:00,27.52,27.75,26.90,27.25,7982600
FCX,2006-08-09,00:00:00,28.05,28.23,27.06,27.20,6255400
FCX,2006-08-08,00:00:00,27.62,28.34,27.56,28.00,5907400
FCX,2006-08-07,00:00:00,28.28,28.67,27.40,27.56,8018800
FCX,2006-08-04,00:00:00,27.60,28.11,27.39,27.89,8919600
FCX,2006-08-03,00:00:00,28.42,28.66,27.68,28.16,11440600
FCX,2006-08-02,00:00:00,27.28,27.62,26.66,27.56,8462400
FCX,2006-08-01,00:00:00,26.76,27.66,26.40,27.28,9607400
FCX,2006-07-31,00:00:00,25.92,26.54,25.66,26.45,5291800
FCX,2006-07-28,00:00:00,26.72,26.88,25.45,25.73,8363000
FCX,2006-07-27,00:00:00,25.55,26.36,25.12,26.13,9098200
FCX,2006-07-26,00:00:00,25.42,26.16,25.22,26.05,8287200
FCX,2006-07-25,00:00:00,25.00,25.52,23.79,25.50,13398000
FCX,2006-07-24,00:00:00,25.92,25.98,25.07,25.25,8858200
FCX,2006-07-21,00:00:00,26.98,27.22,25.60,25.60,10844400
FCX,2006-07-20,00:00:00,26.38,27.50,25.80,27.18,10235600
FCX,2006-07-19,00:00:00,26.52,26.61,25.26,25.92,13008400
FCX,2006-07-18,00:00:00,26.65,26.90,25.42,25.78,10718400
FCX,2006-07-17,00:00:00,26.90,27.40,26.42,27.20,8063800
FCX,2006-07-14,00:00:00,27.76,27.81,26.50,26.59,10439200
FCX,2006-07-13,00:00:00,28.50,28.94,27.65,28.08,10419800
FCX,2006-07-12,00:00:00,28.35,28.52,27.77,28.44,9981400
FCX,2006-07-11,00:00:00,28.18,28.68,27.98,28.32,9344400
FCX,2006-07-10,00:00:00,28.70,29.20,27.94,28.07,9580600
FCX,2006-07-07,00:00:00,28.50,29.69,28.45,28.78,11262400
FCX,2006-07-06,00:00:00,28.95,28.97,27.94,28.35,11944600
FCX,2006-07-05,00:00:00,28.60,29.32,28.20,29.26,8220000
FCX,2006-07-03,00:00:00,27.94,28.15,27.42,27.70,12784000
FCX,2006-06-30,00:00:00,25.30,27.72,25.25,27.63,14854200
FCX,2006-06-29,00:00:00,25.00,25.30,24.68,25.07,7381400
FCX,2006-06-28,00:00:00,25.40,25.85,24.66,24.90,10076600
FCX,2006-06-27,00:00:00,25.18,25.48,24.88,25.40,10387800
FCX,2006-06-26,00:00:00,24.39,25.34,24.35,24.90,6971200
FCX,2006-06-23,00:00:00,24.58,24.94,24.14,24.60,8402000
FCX,2006-06-22,00:00:00,23.68,24.98,23.68,24.62,9171600
FCX,2006-06-21,00:00:00,23.54,24.34,23.34,23.72,8246600
FCX,2006-06-20,00:00:00,23.95,24.15,23.15,23.48,11407600
FCX,2006-06-19,00:00:00,24.82,24.85,23.92,24.15,13138200
FCX,2006-06-16,00:00:00,23.42,24.63,23.34,24.52,15622400
FCX,2006-06-15,00:00:00,22.32,22.94,22.24,22.85,16819000
FCX,2006-06-14,00:00:00,22.76,23.36,21.55,21.88,20416800
FCX,2006-06-13,00:00:00,24.80,24.92,23.65,23.73,12229800
FCX,2006-06-12,00:00:00,25.14,25.65,24.38,24.52,11690400
FCX,2006-06-09,00:00:00,25.50,25.54,23.52,24.96,24399000
FCX,2006-06-08,00:00:00,26.36,26.79,25.56,25.62,13104000
FCX,2006-06-07,00:00:00,25.89,26.50,25.49,26.40,14266400
FCX,2006-06-06,00:00:00,27.82,27.86,25.85,25.96,15321000
FCX,2006-06-05,00:00:00,28.38,28.62,28.02,28.37,7084600
FCX,2006-06-02,00:00:00,27.48,27.94,26.84,27.83,10831400
FCX,2006-06-01,00:00:00,27.60,28.34,27.41,28.00,8400000
FCX,2006-05-31,00:00:00,28.61,28.79,27.20,27.26,10451600
FCX,2006-05-30,00:00:00,28.38,28.59,27.36,28.34,7186800
FCX,2006-05-26,00:00:00,27.02,28.20,26.78,28.00,13001000
FCX,2006-05-25,00:00:00,27.31,27.78,25.94,26.54,15689200
FCX,2006-05-24,00:00:00,28.02,28.85,27.63,27.76,18587800
FCX,2006-05-23,00:00:00,27.00,27.28,26.10,27.14,17464400
FCX,2006-05-22,00:00:00,26.62,27.56,26.52,27.38,22390600
FCX,2006-05-19,00:00:00,28.95,29.10,27.38,27.48,14003400
FCX,2006-05-18,00:00:00,29.60,30.73,28.06,28.47,19089800
FCX,2006-05-17,00:00:00,31.48,31.48,29.20,30.32,12227600
FCX,2006-05-16,00:00:00,30.80,31.70,30.00,30.80,14580200
FCX,2006-05-15,00:00:00,34.00,34.54,32.38,32.71,10753200
FCX,2006-05-12,00:00:00,35.60,35.90,33.95,34.11,10964000
FCX,2006-05-11,00:00:00,34.74,35.14,33.94,34.91,9325800
FCX,2006-05-10,00:00:00,33.88,34.92,33.72,34.74,8223200
FCX,2006-05-09,00:00:00,33.32,33.98,33.01,33.30,6176400
FCX,2006-05-08,00:00:00,33.50,33.98,32.94,33.24,6335000
FCX,2006-05-05,00:00:00,32.08,33.83,31.77,33.10,11434400
FCX,2006-05-04,00:00:00,32.50,32.66,31.32,31.56,8242600
FCX,2006-05-03,00:00:00,32.90,32.92,31.82,32.38,8922800
FCX,2006-05-02,00:00:00,32.95,33.25,32.57,32.68,6580800
FCX,2006-05-01,00:00:00,32.10,33.00,32.02,32.29,10230400
FCX,2006-04-28,00:00:00,31.82,32.73,30.50,31.64,12069000
FCX,2006-04-27,00:00:00,33.45,34.18,32.55,32.78,10320000
FCX,2006-04-26,00:00:00,33.80,34.12,32.76,33.38,8998600
FCX,2006-04-25,00:00:00,33.25,33.36,32.34,32.95,10239800
FCX,2006-04-24,00:00:00,33.88,34.45,33.08,33.25,12978600
FCX,2006-04-21,00:00:00,35.98,35.98,33.80,33.84,12535600
FCX,2006-04-20,00:00:00,35.18,36.10,34.32,36.04,10383000
FCX,2006-04-19,00:00:00,33.89,35.34,33.64,34.78,16597200
FCX,2006-04-18,00:00:00,32.60,32.78,32.19,32.60,7396000
FCX,2006-04-17,00:00:00,31.10,31.86,30.60,31.78,4811000
FCX,2006-04-13,00:00:00,30.81,31.66,30.81,31.32,7357600
FCX,2006-04-12,00:00:00,31.74,32.44,30.66,30.81,8952400
FCX,2006-04-11,00:00:00,31.25,31.38,30.65,31.04,7156400
FCX,2006-04-10,00:00:00,31.52,31.80,30.47,30.50,9623800
FCX,2006-04-07,00:00:00,32.30,32.49,31.67,32.16,9826800
FCX,2006-04-06,00:00:00,31.52,32.47,30.80,32.05,9601200
FCX,2006-04-05,00:00:00,30.50,31.18,30.34,31.10,5065600
FCX,2006-04-04,00:00:00,30.85,31.48,30.52,30.74,7367400
FCX,2006-04-03,00:00:00,30.45,30.45,29.58,29.88,7313400
FCX,2006-03-31,00:00:00,30.40,30.84,30.18,30.58,9860200
FCX,2006-03-30,00:00:00,28.48,30.00,28.38,29.85,9348200
FCX,2006-03-29,00:00:00,28.50,28.97,28.05,28.35,9463400
FCX,2006-03-28,00:00:00,27.10,28.40,27.08,28.10,9332400
FCX,2006-03-27,00:00:00,26.50,27.12,26.40,26.84,4299600
FCX,2006-03-24,00:00:00,25.78,26.47,25.76,26.39,4283400
FCX,2006-03-23,00:00:00,25.65,26.24,25.51,25.84,5014600
FCX,2006-03-22,00:00:00,25.86,26.38,25.50,25.50,5887400
FCX,2006-03-21,00:00:00,26.56,26.92,26.18,26.32,3991800
FCX,2006-03-20,00:00:00,26.60,27.19,26.40,26.61,7236800
FCX,2006-03-17,00:00:00,26.53,26.88,26.03,26.36,5484200
FCX,2006-03-16,00:00:00,26.03,26.72,26.03,26.65,5798200
FCX,2006-03-15,00:00:00,25.00,26.14,24.98,25.96,6749000
FCX,2006-03-14,00:00:00,25.02,25.14,24.52,24.88,5150800
FCX,2006-03-13,00:00:00,24.00,25.22,23.56,25.06,6788600
FCX,2006-03-10,00:00:00,24.55,25.22,24.16,24.18,7689600
FCX,2006-03-09,00:00:00,24.12,24.44,23.78,24.24,15926200
FCX,2006-03-08,00:00:00,25.86,26.02,24.90,25.11,6650000
FCX,2006-03-07,00:00:00,26.88,27.00,25.62,25.94,5775600
FCX,2006-03-06,00:00:00,26.60,27.10,26.58,26.78,4021600
FCX,2006-03-03,00:00:00,26.45,27.12,26.02,26.86,5919400
FCX,2006-03-02,00:00:00,25.32,26.26,25.29,26.01,6146000
FCX,2006-03-01,00:00:00,25.60,25.74,25.20,25.32,8731800
FCX,2006-02-28,00:00:00,25.94,26.10,25.59,25.73,7649800
FCX,2006-02-27,00:00:00,25.96,26.57,25.62,26.44,9238800
FCX,2006-02-24,00:00:00,27.50,27.67,25.38,25.82,10711800
FCX,2006-02-23,00:00:00,27.30,27.67,27.11,27.52,7761400
FCX,2006-02-22,00:00:00,26.63,27.38,26.63,27.22,5399200
FCX,2006-02-21,00:00:00,26.62,27.35,26.34,26.48,7339200
FCX,2006-02-17,00:00:00,25.30,26.24,25.12,26.14,7862800
FCX,2006-02-16,00:00:00,26.09,26.19,24.94,25.14,10608600
FCX,2006-02-15,00:00:00,25.65,26.36,25.28,26.24,8275800
FCX,2006-02-14,00:00:00,25.98,26.56,25.35,25.48,11265000
FCX,2006-02-13,00:00:00,27.12,27.50,25.60,25.96,18545800
FCX,2006-02-10,00:00:00,29.38,29.74,28.28,28.42,5597600
FCX,2006-02-09,00:00:00,28.99,29.32,28.14,28.63,9185800
FCX,2006-02-08,00:00:00,30.75,30.82,28.92,29.01,8701600
FCX,2006-02-07,00:00:00,30.75,31.53,30.72,31.30,5621000
FCX,2006-02-06,00:00:00,31.22,31.46,30.50,30.83,4871200
FCX,2006-02-03,00:00:00,32.16,32.34,30.92,31.22,7403200
FCX,2006-02-02,00:00:00,32.25,32.50,31.88,32.16,6852400
FCX,2006-02-01,00:00:00,31.71,32.39,31.38,32.12,8451000
FCX,2006-01-31,00:00:00,31.40,31.85,30.98,31.65,5917600
FCX,2006-01-30,00:00:00,31.00,32.00,30.98,31.48,6341400
FCX,2006-01-27,00:00:00,30.75,30.94,29.90,30.90,6614600
FCX,2006-01-26,00:00:00,30.24,31.25,30.00,30.24,8095600
FCX,2006-01-25,00:00:00,29.18,30.18,29.14,30.11,7357200
FCX,2006-01-24,00:00:00,28.38,29.20,27.90,29.15,9169800
FCX,2006-01-23,00:00:00,29.68,30.10,28.56,28.69,7155400
FCX,2006-01-20,00:00:00,29.85,29.88,29.30,29.46,6636200
FCX,2006-01-19,00:00:00,30.25,30.45,29.05,30.13,8484000
FCX,2006-01-18,00:00:00,30.62,31.70,30.06,30.88,11308200
FCX,2006-01-17,00:00:00,29.64,30.42,29.52,30.38,4250200
FCX,2006-01-13,00:00:00,29.84,30.18,29.36,29.58,5013400
FCX,2006-01-12,00:00:00,30.70,30.75,29.96,30.16,5010800
FCX,2006-01-11,00:00:00,28.02,30.48,28.02,30.47,10777000
FCX,2006-01-10,00:00:00,29.59,29.60,29.13,29.30,5815600
FCX,2006-01-09,00:00:00,29.55,30.04,29.30,29.52,6107800
FCX,2006-01-06,00:00:00,29.50,29.62,28.64,28.90,5569400
FCX,2006-01-05,00:00:00,28.69,29.94,28.51,29.88,11055200
FCX,2006-01-04,00:00:00,27.14,28.26,27.02,28.24,9978800
FCX,2006-01-03,00:00:00,27.20,27.27,26.86,26.90,1936800
FCX,2005-12-30,00:00:00,27.40,27.71,27.02,27.57,2422200
FCX,2005-12-29,00:00:00,27.20,27.60,26.96,27.44,3194000
FCX,2005-12-28,00:00:00,27.85,27.86,26.70,26.74,3509800
FCX,2005-12-27,00:00:00,27.82,27.82,27.46,27.56,1676600
FCX,2005-12-23,00:00:00,27.24,27.59,26.94,27.58,4092000
FCX,2005-12-22,00:00:00,26.28,26.88,25.97,26.88,4939200
FCX,2005-12-21,00:00:00,26.68,26.98,26.05,26.26,4036600
FCX,2005-12-20,00:00:00,27.20,27.38,26.43,26.50,3832000
FCX,2005-12-19,00:00:00,26.96,27.19,26.86,26.90,5130400
FCX,2005-12-16,00:00:00,26.70,27.00,26.60,26.72,5255800
FCX,2005-12-15,00:00:00,27.37,27.49,26.52,26.58,5223000
FCX,2005-12-14,00:00:00,27.11,27.62,26.90,27.50,5592400
FCX,2005-12-13,00:00:00,27.80,28.18,27.13,27.30,5299400
FCX,2005-12-12,00:00:00,28.00,28.05,27.38,27.53,4722200
FCX,2005-12-09,00:00:00,27.60,27.80,27.48,27.68,5187400
FCX,2005-12-08,00:00:00,27.70,27.91,27.16,27.39,4653000
FCX,2005-12-07,00:00:00,26.90,27.58,26.74,27.49,5620000
FCX,2005-12-06,00:00:00,27.18,27.34,26.90,27.22,3854600
FCX,2005-12-05,00:00:00,27.12,27.12,26.58,26.85,4315000
FCX,2005-12-02,00:00:00,26.44,27.20,26.32,27.17,6128200
FCX,2005-12-01,00:00:00,25.92,26.18,25.84,26.06,5193000
FCX,2005-11-30,00:00:00,25.24,26.22,25.10,26.03,7150200
FCX,2005-11-29,00:00:00,26.85,26.90,26.21,26.22,3781600
FCX,2005-11-28,00:00:00,26.10,26.64,26.10,26.62,1575800
FCX,2005-11-25,00:00:00,25.88,26.12,25.74,25.86,2979400
FCX,2005-11-23,00:00:00,26.02,26.30,25.66,26.27,5003000
FCX,2005-11-22,00:00:00,25.58,26.02,25.48,26.02,4520000
FCX,2005-11-21,00:00:00,26.29,26.42,25.52,25.68,3865600
FCX,2005-11-18,00:00:00,26.12,26.26,25.82,25.96,4004600
FCX,2005-11-17,00:00:00,26.02,25.96,25.05,25.90,5896800
FCX,2005-11-16,00:00:00,25.38,25.48,24.80,24.92,5346200
FCX,2005-11-15,00:00:00,25.42,25.68,25.12,25.30,3233400
FCX,2005-11-14,00:00:00,25.13,25.50,24.98,25.48,4138600
FCX,2005-11-11,00:00:00,25.21,25.50,24.82,25.02,3885000
FCX,2005-11-10,00:00:00,24.88,25.24,24.86,25.09,4678800
FCX,2005-11-09,00:00:00,24.90,25.15,24.72,24.91,2887800
FCX,2005-11-08,00:00:00,25.05,25.19,24.83,24.94,4396400
FCX,2005-11-07,00:00:00,25.58,25.58,24.70,25.14,3860000
FCX,2005-11-04,00:00:00,25.53,25.94,25.38,25.60,4059800
FCX,2005-11-03,00:00:00,25.20,25.67,25.06,25.48,4284600
FCX,2005-11-02,00:00:00,24.55,25.19,24.50,25.00,7072000
FCX,2005-11-01,00:00:00,25.00,25.12,24.38,24.71,6198400
FCX,2005-10-31,00:00:00,24.03,24.75,23.56,24.68,5810000
FCX,2005-10-28,00:00:00,24.80,24.82,23.90,23.91,6203800
FCX,2005-10-27,00:00:00,24.60,25.12,24.26,24.31,7340600
FCX,2005-10-26,00:00:00,24.18,24.70,24.18,24.24,7250200
FCX,2005-10-25,00:00:00,23.14,24.22,23.08,24.06,5900400
FCX,2005-10-24,00:00:00,22.66,23.15,21.98,23.10,10029600
FCX,2005-10-21,00:00:00,23.68,24.02,22.25,22.51,8652600
FCX,2005-10-20,00:00:00,23.02,23.46,22.50,23.46,7185800
FCX,2005-10-19,00:00:00,24.35,24.47,23.20,23.20,6394000
FCX,2005-10-18,00:00:00,23.50,24.10,23.43,23.97,4801800
FCX,2005-10-17,00:00:00,22.80,23.08,22.51,23.08,4286200
FCX,2005-10-14,00:00:00,22.71,23.07,21.70,22.94,6276000
FCX,2005-10-13,00:00:00,23.78,23.86,22.82,22.99,7029400
FCX,2005-10-12,00:00:00,23.50,24.14,23.50,23.86,5110600
FCX,2005-10-11,00:00:00,23.63,24.10,23.21,23.36,3056000
FCX,2005-10-10,00:00:00,23.12,23.57,23.00,23.51,3948200
FCX,2005-10-07,00:00:00,22.54,23.26,22.33,22.82,6254800
FCX,2005-10-06,00:00:00,22.78,23.10,22.52,22.54,8198400
FCX,2005-10-05,00:00:00,23.75,24.44,23.44,23.50,9346400
FCX,2005-10-04,00:00:00,24.20,24.34,23.86,24.11,4997200
FCX,2005-10-03,00:00:00,24.48,24.74,24.24,24.30,4909400
FCX,2005-09-30,00:00:00,24.16,24.60,23.88,24.48,9189600
FCX,2005-09-29,00:00:00,24.00,24.45,23.67,24.16,7444600
FCX,2005-09-28,00:00:00,23.52,23.72,23.28,23.51,8915800
FCX,2005-09-27,00:00:00,22.88,23.68,22.65,23.52,10292000
FCX,2005-09-26,00:00:00,22.40,22.93,22.26,22.88,5389800
FCX,2005-09-23,00:00:00,22.80,22.84,22.35,22.51,6360000
FCX,2005-09-22,00:00:00,22.20,22.75,22.20,22.64,5237200
FCX,2005-09-21,00:00:00,22.34,22.65,22.08,22.16,8299200
FCX,2005-09-20,00:00:00,22.18,22.38,21.98,22.22,5193400
FCX,2005-09-19,00:00:00,21.70,21.94,21.62,21.90,4453000
FCX,2005-09-16,00:00:00,21.68,21.72,21.32,21.49,3873200
FCX,2005-09-15,00:00:00,21.20,21.51,21.15,21.48,4025600
FCX,2005-09-14,00:00:00,21.45,21.56,21.06,21.18,6546600
FCX,2005-09-13,00:00:00,21.94,22.18,21.74,22.14,3847000
FCX,2005-09-12,00:00:00,21.52,21.90,21.40,21.86,3900000
FCX,2005-09-09,00:00:00,21.45,21.82,21.36,21.45,5037600
FCX,2005-09-08,00:00:00,21.36,21.57,21.20,21.34,3989400
FCX,2005-09-07,00:00:00,21.27,21.49,20.96,21.49,4592600
FCX,2005-09-06,00:00:00,21.78,21.88,21.48,21.48,4166000
FCX,2005-09-02,00:00:00,21.40,21.77,21.35,21.66,5185400
FCX,2005-09-01,00:00:00,20.68,21.09,20.66,21.08,4868600
FCX,2005-08-31,00:00:00,20.04,20.68,20.04,20.58,5138600
FCX,2005-08-30,00:00:00,19.90,20.56,19.77,20.40,4466400
FCX,2005-08-29,00:00:00,20.03,20.43,19.88,19.92,3127000
FCX,2005-08-26,00:00:00,19.90,20.17,19.89,20.12,3432400
FCX,2005-08-25,00:00:00,19.92,20.30,19.86,19.93,5342400
FCX,2005-08-24,00:00:00,20.78,20.90,20.27,20.40,4740000
FCX,2005-08-23,00:00:00,20.68,21.00,20.58,20.72,4619000
FCX,2005-08-22,00:00:00,20.55,20.64,20.30,20.56,3167800
FCX,2005-08-19,00:00:00,20.41,20.65,20.32,20.40,5218600
FCX,2005-08-18,00:00:00,20.98,21.16,20.33,20.38,8029400
FCX,2005-08-17,00:00:00,21.52,21.70,21.24,21.27,4464800
FCX,2005-08-16,00:00:00,21.61,21.74,21.46,21.65,3194000
FCX,2005-08-15,00:00:00,21.60,21.74,21.32,21.68,4078200
FCX,2005-08-12,00:00:00,21.08,21.74,20.92,21.58,7434800
FCX,2005-08-11,00:00:00,20.50,21.23,20.50,20.96,6635200
FCX,2005-08-10,00:00:00,20.48,20.53,20.01,20.46,4870200
FCX,2005-08-09,00:00:00,20.52,20.85,20.48,20.50,3835800
FCX,2005-08-08,00:00:00,20.90,21.00,20.38,20.51,3270400
FCX,2005-08-05,00:00:00,21.00,21.15,20.79,20.89,4453200
FCX,2005-08-04,00:00:00,20.60,21.08,20.56,20.88,4528800
FCX,2005-08-03,00:00:00,20.30,20.82,20.28,20.58,5449000
FCX,2005-08-02,00:00:00,20.25,20.35,20.04,20.28,3682800
FCX,2005-08-01,00:00:00,20.00,20.20,19.88,20.14,4555400
FCX,2005-07-29,00:00:00,19.90,20.09,19.70,20.00,4442400
FCX,2005-07-28,00:00:00,19.80,19.96,19.70,19.84,3700800
FCX,2005-07-27,00:00:00,20.05,20.17,19.62,19.74,4655200
FCX,2005-07-26,00:00:00,20.25,20.36,20.05,20.18,4932800
FCX,2005-07-25,00:00:00,20.04,20.20,19.96,20.15,5095000
FCX,2005-07-22,00:00:00,20.38,20.38,19.58,20.04,9852400
FCX,2005-07-21,00:00:00,19.41,19.94,19.41,19.82,5109400
FCX,2005-07-20,00:00:00,19.38,19.62,19.18,19.38,8304800
FCX,2005-07-19,00:00:00,19.29,19.68,19.28,19.32,5025800
FCX,2005-07-18,00:00:00,19.30,19.36,19.20,19.30,2691600
FCX,2005-07-15,00:00:00,19.75,19.92,19.36,19.36,4454600
FCX,2005-07-14,00:00:00,19.50,19.73,19.35,19.66,3207400
FCX,2005-07-13,00:00:00,19.74,19.75,19.49,19.60,2673400
FCX,2005-07-12,00:00:00,19.55,19.82,19.42,19.72,4279800
FCX,2005-07-11,00:00:00,19.27,19.52,19.25,19.40,3318000
FCX,2005-07-08,00:00:00,19.02,19.14,18.84,19.11,2811600
FCX,2005-07-07,00:00:00,19.07,19.34,18.96,19.18,3252000
FCX,2005-07-06,00:00:00,18.96,19.03,18.60,18.99,3506000
FCX,2005-07-05,00:00:00,18.82,18.98,18.56,18.96,3858200
FCX,2005-07-01,00:00:00,19.00,19.24,18.62,18.72,5126400
FCX,2005-06-30,00:00:00,18.55,19.08,18.45,18.95,4856400
FCX,2005-06-29,00:00:00,18.47,18.66,18.38,18.58,2315000
FCX,2005-06-28,00:00:00,18.37,18.52,18.20,18.37,2385800
FCX,2005-06-27,00:00:00,18.20,18.65,18.17,18.34,3706600
FCX,2005-06-24,00:00:00,18.30,18.56,18.00,18.14,4671200
FCX,2005-06-23,00:00:00,18.70,18.78,18.37,18.46,3343400
FCX,2005-06-22,00:00:00,18.70,18.88,18.34,18.65,4279400
FCX,2005-06-21,00:00:00,19.27,19.32,18.74,18.76,4331000
FCX,2005-06-20,00:00:00,19.25,19.40,19.12,19.27,7071800
FCX,2005-06-17,00:00:00,18.64,19.17,18.64,19.00,7146000
FCX,2005-06-16,00:00:00,18.05,18.34,17.96,18.34,4410200
FCX,2005-06-15,00:00:00,18.00,18.14,17.56,17.70,3865800
FCX,2005-06-14,00:00:00,17.92,18.11,17.69,18.00,6963000
FCX,2005-06-13,00:00:00,17.54,17.92,17.42,17.86,3353200
FCX,2005-06-10,00:00:00,17.53,17.56,17.25,17.49,3776000
FCX,2005-06-09,00:00:00,17.81,17.88,17.44,17.48,3843200
FCX,2005-06-08,00:00:00,18.12,18.17,17.78,17.81,4749600
FCX,2005-06-07,00:00:00,18.53,18.58,18.00,18.09,3113200
FCX,2005-06-06,00:00:00,18.21,18.60,18.21,18.41,3936200
FCX,2005-06-03,00:00:00,18.14,18.68,17.98,18.12,5426000
FCX,2005-06-02,00:00:00,17.67,18.22,17.50,18.04,3927200
FCX,2005-06-01,00:00:00,17.58,17.76,17.18,17.65,3582600
FCX,2005-05-31,00:00:00,17.58,17.78,17.52,17.77,2633600
FCX,2005-05-27,00:00:00,17.42,17.56,17.34,17.47,3848600
FCX,2005-05-26,00:00:00,17.30,17.35,17.07,17.31,7731200
FCX,2005-05-25,00:00:00,17.04,17.34,17.00,17.30,5216800
FCX,2005-05-24,00:00:00,16.18,17.09,16.16,16.96,5343600
FCX,2005-05-23,00:00:00,17.11,17.11,16.79,16.88,4220800
FCX,2005-05-20,00:00:00,17.20,17.23,16.93,17.16,3278000
FCX,2005-05-19,00:00:00,16.97,17.46,16.92,17.22,6046000
FCX,2005-05-18,00:00:00,16.22,16.84,16.16,16.75,7172400
FCX,2005-05-17,00:00:00,16.00,16.14,15.76,16.04,7346800
FCX,2005-05-16,00:00:00,16.58,16.64,15.79,16.03,7562400
FCX,2005-05-13,00:00:00,17.15,17.50,16.41,16.54,8411200
FCX,2005-05-12,00:00:00,17.60,17.86,17.48,17.62,3192200
FCX,2005-05-11,00:00:00,18.12,18.23,17.68,17.77,3085600
FCX,2005-05-10,00:00:00,18.06,18.24,18.00,18.14,3018200
FCX,2005-05-09,00:00:00,18.25,18.25,17.98,18.12,2253000
FCX,2005-05-06,00:00:00,18.12,18.24,17.88,18.14,3778400
FCX,2005-05-05,00:00:00,17.99,18.10,17.70,18.02,5889600
FCX,2005-05-04,00:00:00,17.39,17.74,17.30,17.70,4565200
FCX,2005-05-03,00:00:00,17.33,17.45,17.10,17.39,4907400
FCX,2005-05-02,00:00:00,17.15,17.44,17.03,17.33,4798400
FCX,2005-04-29,00:00:00,17.43,17.55,16.87,16.98,7624600
FCX,2005-04-28,00:00:00,18.03,18.04,17.16,17.43,8492000
FCX,2005-04-27,00:00:00,18.60,18.64,18.05,18.05,3719600
FCX,2005-04-26,00:00:00,18.16,18.60,17.67,18.60,7090200
FCX,2005-04-25,00:00:00,18.46,18.55,17.96,18.12,5470800
FCX,2005-04-22,00:00:00,18.12,18.24,17.92,18.05,4864000
FCX,2005-04-21,00:00:00,18.32,18.48,17.92,18.00,7578600
FCX,2005-04-20,00:00:00,17.64,18.18,17.56,18.10,6615200
FCX,2005-04-19,00:00:00,17.12,17.70,17.11,17.60,6801000
FCX,2005-04-18,00:00:00,17.35,17.70,17.06,17.09,6315800
FCX,2005-04-15,00:00:00,18.05,18.10,17.28,17.41,12329800
FCX,2005-04-14,00:00:00,18.98,18.98,18.12,18.26,8637800
FCX,2005-04-13,00:00:00,18.92,19.33,18.77,19.24,4419400
FCX,2005-04-12,00:00:00,19.25,19.35,19.01,19.08,4832800
FCX,2005-04-11,00:00:00,19.40,19.52,19.19,19.22,2868000
FCX,2005-04-08,00:00:00,19.56,19.85,19.37,19.46,3337800
FCX,2005-04-07,00:00:00,19.46,19.65,19.22,19.48,5481800
FCX,2005-04-06,00:00:00,19.62,19.84,19.40,19.46,3075600
FCX,2005-04-05,00:00:00,19.78,19.81,19.41,19.58,3996400
FCX,2005-04-04,00:00:00,19.88,20.16,19.55,20.00,4915200
FCX,2005-04-01,00:00:00,19.66,19.90,19.46,19.80,4358600
FCX,2005-03-31,00:00:00,18.98,19.43,18.94,19.42,5677400
FCX,2005-03-30,00:00:00,19.32,19.50,18.81,18.93,9455800
FCX,2005-03-29,00:00:00,19.50,19.60,19.28,19.32,3935600
FCX,2005-03-28,00:00:00,19.46,19.70,19.31,19.36,5451800
FCX,2005-03-24,00:00:00,20.00,20.02,19.38,19.46,5843600
FCX,2005-03-23,00:00:00,20.21,20.74,20.00,20.04,7250400
FCX,2005-03-22,00:00:00,20.50,20.50,20.08,20.16,3587000
FCX,2005-03-21,00:00:00,20.74,20.94,20.30,20.60,5852600
FCX,2005-03-18,00:00:00,20.30,20.75,20.15,20.74,3975200
FCX,2005-03-17,00:00:00,20.84,20.94,20.26,20.42,2791600
FCX,2005-03-16,00:00:00,20.62,20.78,20.62,20.69,3558000
FCX,2005-03-15,00:00:00,20.44,20.50,20.18,20.48,3743600
FCX,2005-03-14,00:00:00,20.65,20.74,20.31,20.42,5204800
FCX,2005-03-11,00:00:00,20.86,20.92,20.15,20.46,9191400
FCX,2005-03-10,00:00:00,21.50,21.76,21.15,21.20,6149800
FCX,2005-03-09,00:00:00,21.60,21.75,21.42,21.50,6440000
FCX,2005-03-08,00:00:00,21.82,21.86,21.36,21.45,4334200
FCX,2005-03-07,00:00:00,20.95,21.95,20.92,21.86,7355800
FCX,2005-03-04,00:00:00,20.89,20.98,20.63,20.70,3333000
FCX,2005-03-03,00:00:00,20.50,20.94,20.28,20.89,5085600
FCX,2005-03-02,00:00:00,20.91,20.99,20.58,20.64,6564800
FCX,2005-03-01,00:00:00,20.72,21.04,20.72,20.91,7470400
FCX,2005-02-28,00:00:00,20.23,20.62,20.12,20.55,7765200
FCX,2005-02-25,00:00:00,19.90,20.23,19.36,20.23,6114200
FCX,2005-02-24,00:00:00,19.94,19.94,19.51,19.90,5732800
FCX,2005-02-23,00:00:00,20.12,20.30,19.70,19.84,8770200
FCX,2005-02-22,00:00:00,19.85,20.08,19.70,19.86,8713600
FCX,2005-02-18,00:00:00,19.58,20.34,19.50,19.85,11903800
FCX,2005-02-17,00:00:00,19.20,19.78,19.03,19.58,6220400
FCX,2005-02-16,00:00:00,19.22,19.44,18.99,19.06,3704600
FCX,2005-02-15,00:00:00,19.12,19.25,18.90,19.08,4717400
FCX,2005-02-14,00:00:00,18.64,19.08,18.40,19.04,5347800
FCX,2005-02-11,00:00:00,18.06,18.59,18.04,18.56,3417800
FCX,2005-02-10,00:00:00,17.90,18.08,17.81,17.96,3024400
FCX,2005-02-09,00:00:00,18.26,18.27,17.88,18.12,4577800
FCX,2005-02-08,00:00:00,18.64,18.76,18.29,18.36,3421800
FCX,2005-02-07,00:00:00,18.68,18.85,18.29,18.56,4286200
FCX,2005-02-04,00:00:00,18.72,18.74,18.46,18.68,2896800
FCX,2005-02-03,00:00:00,18.62,18.96,18.60,18.83,4800000
FCX,2005-02-02,00:00:00,18.32,18.74,18.30,18.54,3205000
FCX,2005-02-01,00:00:00,18.04,18.42,17.86,18.40,2633400
FCX,2005-01-31,00:00:00,18.56,18.62,17.96,17.98,4003200
FCX,2005-01-28,00:00:00,18.50,18.58,18.20,18.53,4172800
FCX,2005-01-27,00:00:00,18.58,18.73,18.48,18.65,3001600
FCX,2005-01-26,00:00:00,18.75,18.92,18.36,18.41,3043400
FCX,2005-01-25,00:00:00,18.74,18.90,18.62,18.68,3804600
FCX,2005-01-24,00:00:00,18.40,18.82,18.40,18.67,4979600
FCX,2005-01-21,00:00:00,18.40,18.57,18.24,18.39,3685800
FCX,2005-01-20,00:00:00,18.98,19.00,18.54,18.58,6085800
FCX,2005-01-19,00:00:00,18.75,19.24,18.30,19.10,8690000
FCX,2005-01-18,00:00:00,18.12,18.46,18.05,18.30,4413800
FCX,2005-01-14,00:00:00,17.81,18.30,17.57,18.13,5332800
FCX,2005-01-13,00:00:00,17.92,17.93,17.56,17.90,4659400
FCX,2005-01-12,00:00:00,17.85,17.96,17.60,17.78,3883600
FCX,2005-01-11,00:00:00,17.85,18.00,17.59,17.72,5625400
FCX,2005-01-10,00:00:00,17.81,18.12,17.64,17.81,5658400
FCX,2005-01-07,00:00:00,17.64,17.82,17.56,17.64,4166400
FCX,2005-01-06,00:00:00,17.80,18.02,17.61,17.66,6105800
FCX,2005-01-05,00:00:00,18.37,18.38,17.78,17.87,8562000
FCX,2005-01-04,00:00:00,19.04,19.04,18.59,18.60,6002400
FCX,2005-01-03,00:00:00,19.05,19.24,19.05,19.12,1245800
FCX,2004-12-31,00:00:00,19.14,19.20,19.00,19.10,2332400
FCX,2004-12-30,00:00:00,19.00,19.24,18.86,19.18,2068000
FCX,2004-12-29,00:00:00,19.05,19.16,18.96,19.05,1544000
FCX,2004-12-28,00:00:00,18.88,19.10,18.88,18.98,1384000
FCX,2004-12-27,00:00:00,19.00,19.12,18.86,18.90,1935800
FCX,2004-12-23,00:00:00,19.05,19.35,18.95,18.98,3362200
FCX,2004-12-22,00:00:00,18.65,19.24,18.56,19.08,5504200
FCX,2004-12-21,00:00:00,18.80,19.20,18.58,18.65,3410400
FCX,2004-12-20,00:00:00,18.62,18.96,18.62,18.80,3287200
FCX,2004-12-17,00:00:00,18.76,18.92,18.55,18.62,3590800
FCX,2004-12-16,00:00:00,18.90,19.13,18.79,18.89,3063600
FCX,2004-12-15,00:00:00,18.75,18.79,18.48,18.68,2459000
FCX,2004-12-14,00:00:00,18.38,18.92,18.38,18.78,3137800
FCX,2004-12-13,00:00:00,18.08,18.64,18.08,18.30,4615600
FCX,2004-12-10,00:00:00,17.90,18.46,17.80,18.37,6011800
FCX,2004-12-09,00:00:00,17.00,18.12,16.99,18.00,9841000
FCX,2004-12-08,00:00:00,18.58,18.58,18.05,18.09,3055200
FCX,2004-12-07,00:00:00,18.48,18.72,18.20,18.50,3070600
FCX,2004-12-06,00:00:00,18.58,19.04,18.35,18.70,4604000
FCX,2004-12-03,00:00:00,19.25,19.30,18.46,18.70,6916200
FCX,2004-12-02,00:00:00,19.52,19.72,19.34,19.39,4616600
FCX,2004-12-01,00:00:00,20.20,20.42,19.56,19.56,4398400
FCX,2004-11-30,00:00:00,20.32,20.55,20.15,20.32,6436400
FCX,2004-11-29,00:00:00,20.05,20.40,19.93,20.28,3563200
FCX,2004-11-26,00:00:00,19.62,19.85,19.52,19.76,3654400
FCX,2004-11-24,00:00:00,19.50,19.60,19.16,19.30,4303000
FCX,2004-11-23,00:00:00,19.56,19.75,19.30,19.48,4481400
FCX,2004-11-22,00:00:00,19.55,19.74,19.42,19.56,6589400
FCX,2004-11-19,00:00:00,20.02,20.02,19.46,19.50,6528200
FCX,2004-11-18,00:00:00,20.15,20.71,20.00,20.02,6722800
FCX,2004-11-17,00:00:00,19.75,19.89,19.62,19.73,2740800
FCX,2004-11-16,00:00:00,20.29,20.30,19.69,19.82,2629000
FCX,2004-11-15,00:00:00,19.62,20.21,19.56,20.19,4989600
FCX,2004-11-12,00:00:00,19.00,19.50,18.86,19.43,3202800
FCX,2004-11-11,00:00:00,19.56,19.60,18.88,19.00,3763800
FCX,2004-11-10,00:00:00,19.15,19.66,19.04,19.56,5184200
FCX,2004-11-09,00:00:00,19.25,19.28,18.88,18.94,3263600
FCX,2004-11-08,00:00:00,19.05,19.41,18.84,19.26,4198600
FCX,2004-11-05,00:00:00,18.40,19.08,18.40,19.05,6697200
FCX,2004-11-04,00:00:00,17.88,18.09,17.76,18.09,4911600
FCX,2004-11-03,00:00:00,17.85,17.88,17.44,17.50,5074600
FCX,2004-11-02,00:00:00,18.24,18.34,17.88,17.88,3268800
FCX,2004-11-01,00:00:00,17.74,18.20,17.74,18.11,6310400
FCX,2004-10-29,00:00:00,17.62,18.10,17.47,17.53,8981400
FCX,2004-10-28,00:00:00,18.52,18.61,18.19,18.55,4097200
FCX,2004-10-27,00:00:00,18.43,18.52,18.16,18.52,3816600
FCX,2004-10-26,00:00:00,18.28,18.64,18.21,18.40,6181600
FCX,2004-10-25,00:00:00,18.18,18.25,17.83,17.86,2890200
FCX,2004-10-22,00:00:00,18.00,18.35,17.86,18.18,5482200
FCX,2004-10-21,00:00:00,17.45,18.18,17.63,17.96,6402200
FCX,2004-10-20,00:00:00,18.05,18.55,17.40,17.45,8909600
FCX,2004-10-19,00:00:00,18.47,18.58,17.99,18.05,4053000
FCX,2004-10-18,00:00:00,18.40,18.69,18.32,18.47,5926200
FCX,2004-10-15,00:00:00,18.50,18.58,18.20,18.21,6064400
FCX,2004-10-14,00:00:00,19.45,18.96,17.92,18.20,17248800
FCX,2004-10-13,00:00:00,20.20,20.20,19.88,20.04,4377600
FCX,2004-10-12,00:00:00,21.00,21.00,20.40,20.58,4221800
FCX,2004-10-11,00:00:00,20.55,21.28,20.55,21.00,8170600
FCX,2004-10-08,00:00:00,20.88,21.13,20.50,20.55,7955200
FCX,2004-10-07,00:00:00,20.17,20.69,20.14,20.50,7323200
FCX,2004-10-06,00:00:00,20.21,20.34,20.03,20.12,2990000
FCX,2004-10-05,00:00:00,20.22,20.30,19.70,20.15,5207200
FCX,2004-10-04,00:00:00,20.42,20.44,19.90,20.05,4642800
FCX,2004-10-01,00:00:00,19.92,20.39,19.92,20.25,7858200
FCX,2004-09-30,00:00:00,20.50,20.62,19.78,19.94,7907800
FCX,2004-09-29,00:00:00,20.62,21.06,20.38,20.98,6217600
FCX,2004-09-28,00:00:00,19.90,20.22,19.74,20.18,5262600
FCX,2004-09-27,00:00:00,19.44,19.92,19.29,19.90,6152200
FCX,2004-09-24,00:00:00,19.62,19.80,19.36,19.44,4663200
FCX,2004-09-23,00:00:00,19.25,19.81,19.17,19.53,4425000
FCX,2004-09-22,00:00:00,18.80,19.40,18.80,19.40,4654200
FCX,2004-09-21,00:00:00,19.00,19.00,18.61,18.68,3278800
FCX,2004-09-20,00:00:00,18.75,18.94,18.52,18.61,3206400
FCX,2004-09-17,00:00:00,18.75,18.92,18.66,18.72,2031200
FCX,2004-09-16,00:00:00,18.98,19.00,18.52,18.56,3236600
FCX,2004-09-15,00:00:00,18.70,19.00,18.47,18.93,4937200
FCX,2004-09-14,00:00:00,18.96,19.12,18.56,18.66,3213000
FCX,2004-09-13,00:00:00,19.00,19.16,18.74,18.96,2723800
FCX,2004-09-10,00:00:00,18.84,18.98,18.70,18.90,2828400
FCX,2004-09-09,00:00:00,18.88,18.92,18.54,18.70,2532600
FCX,2004-09-08,00:00:00,18.32,18.88,18.32,18.87,3296000
FCX,2004-09-07,00:00:00,18.90,18.90,18.40,18.68,3866200
FCX,2004-09-03,00:00:00,18.82,19.00,18.74,18.90,2934400
FCX,2004-09-02,00:00:00,18.82,18.88,18.70,18.88,3893800
FCX,2004-09-01,00:00:00,18.74,18.87,18.68,18.82,3999800
FCX,2004-08-31,00:00:00,18.75,18.92,18.62,18.64,4963200
FCX,2004-08-30,00:00:00,18.26,18.62,18.26,18.61,3777800
FCX,2004-08-27,00:00:00,18.06,18.26,17.84,18.26,3694600
FCX,2004-08-26,00:00:00,17.70,18.14,17.56,18.06,3351000
FCX,2004-08-25,00:00:00,17.82,17.99,17.60,17.70,3375400
FCX,2004-08-24,00:00:00,17.98,18.00,17.66,17.82,5403000
FCX,2004-08-23,00:00:00,18.00,18.31,17.86,18.12,6380400
FCX,2004-08-20,00:00:00,17.52,18.00,17.50,17.80,7020600
FCX,2004-08-19,00:00:00,16.75,17.31,16.49,17.25,5026800
FCX,2004-08-18,00:00:00,16.75,17.00,16.58,16.92,4192000
FCX,2004-08-17,00:00:00,16.27,16.64,16.26,16.56,3574800
FCX,2004-08-16,00:00:00,16.25,16.26,16.02,16.15,4135200
FCX,2004-08-13,00:00:00,16.25,16.26,15.77,15.83,2970400
FCX,2004-08-12,00:00:00,16.49,16.50,15.96,16.11,4319400
FCX,2004-08-11,00:00:00,16.38,16.62,16.30,16.52,5606000
FCX,2004-08-10,00:00:00,16.04,16.24,15.82,15.82,3642200
FCX,2004-08-09,00:00:00,16.40,16.60,15.96,16.04,5170200
FCX,2004-08-06,00:00:00,16.65,16.82,16.20,16.25,3565400
FCX,2004-08-05,00:00:00,16.78,16.85,16.48,16.60,3470600
FCX,2004-08-04,00:00:00,17.20,17.38,16.95,16.96,3058600
FCX,2004-08-03,00:00:00,17.42,17.60,17.12,17.48,2559000
FCX,2004-08-02,00:00:00,17.38,17.68,17.26,17.42,3371600
FCX,2004-07-30,00:00:00,16.68,17.28,16.60,17.20,3294200
FCX,2004-07-29,00:00:00,16.56,16.82,16.42,16.68,5744600
FCX,2004-07-28,00:00:00,16.32,16.72,15.94,16.51,6431600
FCX,2004-07-27,00:00:00,16.68,16.82,16.06,16.33,4991800
FCX,2004-07-26,00:00:00,16.60,16.76,16.26,16.68,4569000
FCX,2004-07-23,00:00:00,16.72,17.02,16.54,17.01,4257000
FCX,2004-07-22,00:00:00,17.30,17.32,16.75,16.75,5255800
FCX,2004-07-21,00:00:00,17.00,17.44,16.52,17.40,7316600
FCX,2004-07-20,00:00:00,17.95,17.98,16.82,17.67,3864800
FCX,2004-07-19,00:00:00,18.25,18.31,17.89,18.00,4712400
FCX,2004-07-16,00:00:00,17.58,17.91,17.38,17.88,3202400
FCX,2004-07-15,00:00:00,17.32,17.86,17.28,17.60,4438800
FCX,2004-07-14,00:00:00,17.40,17.40,17.10,17.24,4115600
FCX,2004-07-13,00:00:00,17.70,17.76,17.38,17.52,3385600
FCX,2004-07-12,00:00:00,17.65,17.81,17.35,17.80,6473600
FCX,2004-07-09,00:00:00,17.37,17.72,17.08,17.51,5954200
FCX,2004-07-08,00:00:00,16.48,17.48,16.48,17.37,8591600
FCX,2004-07-07,00:00:00,16.56,16.93,16.12,16.26,4518000
FCX,2004-07-06,00:00:00,16.57,16.57,16.38,16.50,1749200
FCX,2004-07-02,00:00:00,16.68,16.68,16.18,16.25,2732000
FCX,2004-07-01,00:00:00,16.37,16.58,16.16,16.58,4026200
FCX,2004-06-30,00:00:00,16.50,16.61,16.12,16.22,5449000
FCX,2004-06-29,00:00:00,17.15,17.39,16.54,16.58,5084200
FCX,2004-06-28,00:00:00,16.85,17.18,16.76,16.98,4789000
FCX,2004-06-25,00:00:00,17.00,17.22,16.82,16.84,6140800
FCX,2004-06-24,00:00:00,16.20,16.54,15.96,16.51,4298000
FCX,2004-06-23,00:00:00,15.96,16.16,15.76,16.16,2286600
FCX,2004-06-22,00:00:00,16.30,16.40,15.88,15.96,3588800
FCX,2004-06-21,00:00:00,16.10,16.51,15.94,16.26,4943600
FCX,2004-06-18,00:00:00,15.66,15.98,15.46,15.85,3787400
FCX,2004-06-17,00:00:00,15.32,15.74,15.18,15.66,3413200
FCX,2004-06-16,00:00:00,15.24,15.48,15.22,15.43,5109800
FCX,2004-06-15,00:00:00,15.82,15.82,15.08,15.10,3964000
FCX,2004-06-14,00:00:00,15.90,16.04,15.70,15.82,4876400
FCX,2004-06-10,00:00:00,16.35,16.35,15.53,15.53,6098600
FCX,2004-06-09,00:00:00,16.32,16.49,16.26,16.45,3272400
FCX,2004-06-08,00:00:00,16.50,16.57,16.30,16.52,4638800
FCX,2004-06-07,00:00:00,15.71,16.10,15.54,15.96,6970600
FCX,2004-06-04,00:00:00,16.42,16.45,15.72,15.74,6926600
FCX,2004-06-03,00:00:00,16.46,16.49,16.08,16.47,5583600
FCX,2004-06-02,00:00:00,16.92,17.11,16.36,16.46,5114400
FCX,2004-06-01,00:00:00,16.59,16.92,16.35,16.82,8592200
FCX,2004-05-28,00:00:00,16.80,16.80,16.80,16.80,0
FCX,2004-05-27,00:00:00,16.60,16.84,16.56,16.72,6787600
FCX,2004-05-26,00:00:00,16.12,16.50,16.00,16.44,5217400
FCX,2004-05-25,00:00:00,16.12,16.44,15.86,16.02,6465600
FCX,2004-05-24,00:00:00,15.92,16.14,15.64,16.12,9234400
FCX,2004-05-21,00:00:00,15.21,15.21,15.21,15.21,0
FCX,2004-05-20,00:00:00,15.30,16.12,15.20,15.44,11889000
FCX,2004-05-19,00:00:00,14.45,14.90,14.24,14.90,6229400
FCX,2004-05-18,00:00:00,14.50,14.72,13.88,14.30,5974000
FCX,2004-05-17,00:00:00,14.44,14.64,14.25,14.42,6838000
FCX,2004-05-14,00:00:00,14.20,14.20,14.20,14.20,0
FCX,2004-05-13,00:00:00,14.83,15.04,14.20,14.57,8440600
FCX,2004-05-12,00:00:00,14.79,14.79,14.54,14.68,5938400
FCX,2004-05-11,00:00:00,13.88,15.07,13.88,14.62,13206000
FCX,2004-05-10,00:00:00,14.40,14.84,14.26,14.30,9199400
FCX,2004-05-07,00:00:00,14.82,14.82,14.82,14.82,0
FCX,2004-05-06,00:00:00,15.48,15.48,15.20,15.26,4339000
FCX,2004-05-05,00:00:00,15.70,15.74,15.26,15.48,9054200
FCX,2004-05-04,00:00:00,15.25,15.46,15.11,15.24,5742600
FCX,2004-05-03,00:00:00,15.35,15.44,15.10,15.25,7603200
FCX,2004-04-30,00:00:00,14.91,14.91,14.91,14.91,0
FCX,2004-04-29,00:00:00,14.98,15.32,14.63,14.75,15075600
FCX,2004-04-28,00:00:00,16.40,16.51,15.87,15.90,5502400
FCX,2004-04-27,00:00:00,16.54,16.98,16.37,16.40,5175800
FCX,2004-04-26,00:00:00,17.08,17.18,16.20,16.30,6530800
FCX,2004-04-23,00:00:00,17.04,17.04,17.04,17.04,0
FCX,2004-04-22,00:00:00,15.75,16.46,15.70,16.16,15272600
FCX,2004-04-21,00:00:00,17.64,17.72,16.67,16.80,9924400
FCX,2004-04-20,00:00:00,17.99,18.10,17.62,17.70,5408000
FCX,2004-04-19,00:00:00,17.78,18.12,17.60,17.94,5907200
FCX,2004-04-16,00:00:00,17.64,17.64,17.64,17.64,0
FCX,2004-04-15,00:00:00,17.83,18.18,17.54,17.58,9393800
FCX,2004-04-14,00:00:00,18.82,18.82,17.70,17.83,12677600
FCX,2004-04-13,00:00:00,19.12,19.13,18.88,18.92,4923200
FCX,2004-04-12,00:00:00,19.13,19.13,19.13,19.13,0
FCX,2004-04-08,00:00:00,19.55,19.62,19.26,19.30,3088400
FCX,2004-04-07,00:00:00,19.45,19.71,19.32,19.60,4452200
FCX,2004-04-06,00:00:00,19.75,19.80,19.14,19.33,5791800
FCX,2004-04-05,00:00:00,19.72,19.92,19.16,19.85,7473200
FCX,2004-04-02,00:00:00,19.72,19.72,19.72,19.72,0
FCX,2004-04-01,00:00:00,19.74,19.88,19.39,19.54,9892600
FCX,2004-03-31,00:00:00,19.60,19.84,19.40,19.64,7446600
FCX,2004-03-30,00:00:00,19.60,19.60,19.25,19.48,4458000
FCX,2004-03-29,00:00:00,19.50,19.61,19.24,19.29,10043200
FCX,2004-03-26,00:00:00,19.16,19.16,19.16,19.16,0
FCX,2004-03-25,00:00:00,19.48,19.28,18.90,19.00,16849200
FCX,2004-03-24,00:00:00,20.09,20.30,19.45,19.48,14534200
FCX,2004-03-23,00:00:00,20.98,20.68,20.01,20.07,7413800
FCX,2004-03-22,00:00:00,20.98,21.35,20.88,20.98,4269600
FCX,2004-03-19,00:00:00,20.98,20.98,20.98,20.98,0
FCX,2004-03-18,00:00:00,20.62,20.72,20.16,20.69,4938600
FCX,2004-03-17,00:00:00,20.46,20.68,19.90,20.29,6041800
FCX,2004-03-16,00:00:00,21.08,21.22,20.21,20.26,5355200
FCX,2004-03-15,00:00:00,20.54,21.06,20.20,20.97,4674400
FCX,2004-03-12,00:00:00,20.66,20.66,20.66,20.66,0
FCX,2004-03-11,00:00:00,21.14,21.32,20.28,20.36,6529200
FCX,2004-03-10,00:00:00,21.25,21.50,20.80,21.14,3698000
FCX,2004-03-09,00:00:00,21.66,21.98,21.22,21.24,3032200
FCX,2004-03-08,00:00:00,21.62,21.88,21.46,21.66,4145400
FCX,2004-03-05,00:00:00,21.40,21.40,21.40,21.40,0
FCX,2004-03-04,00:00:00,20.90,21.28,20.70,21.10,6764600
FCX,2004-03-03,00:00:00,21.82,21.99,21.10,21.20,5904600
FCX,2004-03-02,00:00:00,21.50,22.43,21.50,22.15,6711000
FCX,2004-03-01,00:00:00,20.18,21.39,20.18,21.32,4971000
FCX,2004-02-27,00:00:00,20.82,20.82,20.82,20.82,0
FCX,2004-02-26,00:00:00,20.40,20.54,19.83,20.36,4159800
FCX,2004-02-25,00:00:00,20.32,20.89,20.20,20.52,4465400
FCX,2004-02-24,00:00:00,20.50,20.90,20.10,20.14,4400200
FCX,2004-02-23,00:00:00,21.12,21.12,20.20,20.47,6921600
FCX,2004-02-20,00:00:00,21.16,21.16,21.16,21.16,0
FCX,2004-02-19,00:00:00,21.48,21.58,20.50,20.62,5413600
FCX,2004-02-18,00:00:00,20.82,21.36,20.88,21.35,6051600
FCX,2004-02-17,00:00:00,21.00,21.20,20.22,20.60,5520400
FCX,2004-02-13,00:00:00,20.87,20.87,20.87,20.87,0
FCX,2004-02-12,00:00:00,19.68,20.90,19.64,20.86,8770400
FCX,2004-02-11,00:00:00,19.84,20.10,19.56,19.80,3781600
FCX,2004-02-10,00:00:00,19.81,20.10,19.49,19.84,5128600
FCX,2004-02-09,00:00:00,19.00,19.80,18.97,19.74,7356800
FCX,2004-02-06,00:00:00,18.60,18.60,18.60,18.60,0
FCX,2004-02-05,00:00:00,18.28,18.37,17.71,17.96,7340200
FCX,2004-02-04,00:00:00,18.32,18.56,18.21,18.25,4570600
FCX,2004-02-03,00:00:00,18.43,18.43,17.64,18.18,8667800
FCX,2004-02-02,00:00:00,17.95,18.52,17.95,18.43,6493000
FCX,2004-01-30,00:00:00,18.00,18.00,18.00,18.00,0
FCX,2004-01-29,00:00:00,19.45,19.66,18.46,18.58,8416600
FCX,2004-01-28,00:00:00,19.40,19.74,18.88,19.38,7720800
FCX,2004-01-27,00:00:00,19.00,19.06,18.58,19.02,7867800
FCX,2004-01-26,00:00:00,19.96,20.00,18.88,18.98,6645200
FCX,2004-01-23,00:00:00,19.50,19.50,19.50,19.50,0
FCX,2004-01-22,00:00:00,19.68,19.50,18.75,19.36,7829000
FCX,2004-01-21,00:00:00,18.02,19.38,17.75,19.25,14326800
FCX,2004-01-20,00:00:00,18.00,18.42,17.59,18.02,10494600
FCX,2004-01-16,00:00:00,19.35,19.31,17.59,17.93,22603800
FCX,2004-01-15,00:00:00,19.34,19.34,19.34,19.34,0
FCX,2004-01-14,00:00:00,21.36,21.65,19.84,20.03,7916800
FCX,2004-01-13,00:00:00,21.40,21.40,21.40,21.40,0
FCX,2004-01-12,00:00:00,21.86,22.45,21.58,22.22,4400800
FCX,2004-01-09,00:00:00,21.88,21.88,21.88,21.88,0
FCX,2004-01-08,00:00:00,21.52,21.68,20.95,21.55,8302000
FCX,2004-01-07,00:00:00,22.30,22.30,21.32,21.52,5269000
FCX,2004-01-06,00:00:00,21.15,21.99,21.34,21.98,5564200
FCX,2004-01-05,00:00:00,20.98,21.15,20.85,20.96,3974400
FCX,2004-01-02,00:00:00,21.12,21.22,20.94,21.06,3884800
FCX,2003-12-31,00:00:00,21.08,21.08,21.08,21.08,0
FCX,2003-12-30,00:00:00,20.85,21.10,20.75,21.05,5663800
FCX,2003-12-29,00:00:00,20.19,20.88,20.12,20.83,2777200
FCX,2003-12-26,00:00:00,19.52,20.30,19.52,20.10,3053200
FCX,2003-12-24,00:00:00,19.38,20.24,19.26,19.83,8202000
FCX,2003-12-23,00:00:00,20.64,20.82,19.30,19.78,14300800
FCX,2003-12-22,00:00:00,21.22,21.42,20.25,20.64,14468000
FCX,2003-12-19,00:00:00,21.76,21.76,21.76,21.76,0
FCX,2003-12-18,00:00:00,22.08,22.69,21.95,22.45,4483200
FCX,2003-12-17,00:00:00,22.60,22.75,21.82,22.08,3248400
FCX,2003-12-16,00:00:00,20.00,22.65,22.15,22.48,3462800
FCX,2003-12-15,00:00:00,22.44,22.76,22.26,22.36,3321200
FCX,2003-12-12,00:00:00,22.44,22.44,22.44,22.44,0
FCX,2003-12-11,00:00:00,22.78,22.80,21.37,21.44,7391400
FCX,2003-12-10,00:00:00,23.37,23.37,22.76,22.86,6413600
FCX,2003-12-09,00:00:00,23.00,23.16,22.56,23.12,4882800
FCX,2003-12-08,00:00:00,22.40,22.92,22.05,22.63,4580000
FCX,2003-12-05,00:00:00,22.12,22.12,22.12,22.12,0
FCX,2003-12-04,00:00:00,22.62,22.75,22.12,22.48,4577600
FCX,2003-12-03,00:00:00,22.00,22.58,22.00,22.58,4067200
FCX,2003-12-02,00:00:00,22.25,22.42,21.85,22.38,5930000
FCX,2003-12-01,00:00:00,21.52,21.76,21.46,21.76,1283600
FCX,2003-11-28,00:00:00,21.30,21.56,21.15,21.32,4285600
FCX,2003-11-26,00:00:00,20.70,21.45,20.61,21.21,3748200
FCX,2003-11-25,00:00:00,20.60,20.60,20.60,20.60,0
FCX,2003-11-24,00:00:00,20.28,20.44,20.11,20.32,2658000
FCX,2003-11-21,00:00:00,20.28,20.28,20.28,20.28,0
FCX,2003-11-20,00:00:00,20.12,20.57,19.76,20.57,4425200
FCX,2003-11-19,00:00:00,19.35,20.14,19.35,20.08,5774000
FCX,2003-11-18,00:00:00,19.94,19.87,19.16,19.28,5293200
FCX,2003-11-17,00:00:00,20.32,20.36,19.66,19.74,3478400
FCX,2003-11-14,00:00:00,20.24,20.24,20.24,20.24,0
FCX,2003-11-13,00:00:00,19.25,20.18,18.92,20.18,5500600
FCX,2003-11-12,00:00:00,19.41,19.72,19.19,19.24,4643400
FCX,2003-11-11,00:00:00,20.48,20.48,19.30,19.49,6440800
FCX,2003-11-10,00:00:00,19.85,20.60,18.45,20.50,4348200
FCX,2003-11-07,00:00:00,19.80,19.80,19.80,19.80,0
FCX,2003-11-06,00:00:00,20.62,20.52,19.82,20.00,5296000
FCX,2003-11-05,00:00:00,19.65,20.72,19.58,20.52,7556444
FCX,2003-11-04,00:00:00,19.38,19.65,19.08,19.36,3823762
FCX,2003-11-03,00:00:00,19.62,19.68,19.20,19.38,3022600
FCX,2003-10-31,00:00:00,19.22,19.22,19.22,19.22,0
FCX,2003-10-30,00:00:00,18.71,19.26,18.68,18.98,6440400
FCX,2003-10-29,00:00:00,18.82,18.92,18.42,18.78,2623600
FCX,2003-10-28,00:00:00,18.38,18.70,18.34,18.68,2309600
FCX,2003-10-27,00:00:00,18.55,18.58,18.28,18.54,4425800
FCX,2003-10-24,00:00:00,18.68,18.69,18.35,18.54,4029800
FCX,2003-10-23,00:00:00,18.68,18.68,18.68,18.68,0
FCX,2003-10-22,00:00:00,18.00,19.05,18.00,18.98,5269200
FCX,2003-10-21,00:00:00,18.26,18.57,18.20,18.27,4783600
FCX,2003-10-20,00:00:00,18.62,18.62,18.12,18.26,3680000
FCX,2003-10-17,00:00:00,18.70,18.70,18.70,18.70,0
FCX,2003-10-16,00:00:00,18.57,18.80,18.28,18.60,11332200
FCX,2003-10-15,00:00:00,18.90,18.81,18.20,18.57,5723000
FCX,2003-10-14,00:00:00,17.98,18.90,17.94,18.88,4484800
FCX,2003-10-13,00:00:00,17.90,18.32,17.85,17.94,4434800
FCX,2003-10-10,00:00:00,18.00,18.00,18.00,18.00,0
FCX,2003-10-09,00:00:00,18.22,18.85,18.12,18.70,5428200
FCX,2003-10-08,00:00:00,17.72,18.24,17.71,18.22,4851800
FCX,2003-10-07,00:00:00,17.12,17.68,16.75,17.50,3700600
FCX,2003-10-06,00:00:00,17.98,18.24,16.70,16.88,9810800
FCX,2003-10-03,00:00:00,17.87,17.87,17.87,17.87,0
FCX,2003-10-02,00:00:00,16.55,17.15,16.37,17.15,4299200
FCX,2003-10-01,00:00:00,16.70,16.90,16.46,16.55,4098400
FCX,2003-09-30,00:00:00,16.11,16.84,15.97,16.70,5288000
FCX,2003-09-29,00:00:00,16.42,16.42,16.08,16.11,4621800
FCX,2003-09-26,00:00:00,16.48,16.48,16.48,16.48,0
FCX,2003-09-25,00:00:00,17.24,17.24,16.86,17.16,2753800
FCX,2003-09-24,00:00:00,17.09,17.14,16.90,17.10,3637800
FCX,2003-09-23,00:00:00,16.90,17.22,16.86,17.09,4924600
FCX,2003-09-22,00:00:00,16.40,16.90,16.39,16.84,5872200
FCX,2003-09-19,00:00:00,16.38,16.38,16.38,16.38,0
FCX,2003-09-18,00:00:00,15.92,15.94,15.62,15.84,1586800
FCX,2003-09-17,00:00:00,15.94,15.94,15.72,15.90,3155000
FCX,2003-09-16,00:00:00,15.72,16.05,15.60,15.94,4155200
FCX,2003-09-15,00:00:00,15.66,15.76,15.36,15.76,4090200
FCX,2003-09-12,00:00:00,15.55,15.65,15.47,15.64,4854800
FCX,2003-09-11,00:00:00,15.68,15.63,15.52,15.54,4325600
FCX,2003-09-10,00:00:00,15.45,15.68,15.42,15.58,6138400
FCX,2003-09-09,00:00:00,15.25,15.44,15.01,15.36,1972800
FCX,2003-09-08,00:00:00,15.32,15.50,15.14,15.24,2974600
FCX,2003-09-05,00:00:00,15.12,15.44,15.09,15.38,2475000
FCX,2003-09-04,00:00:00,15.18,15.18,14.99,15.09,4205200
FCX,2003-09-03,00:00:00,15.00,15.40,14.95,15.13,2374200
FCX,2003-09-02,00:00:00,15.00,15.20,14.84,15.00,3131600
FCX,2003-08-29,00:00:00,14.92,15.00,14.76,15.00,3427600
FCX,2003-08-28,00:00:00,14.52,14.86,14.48,14.86,9365000
FCX,2003-08-27,00:00:00,13.56,14.22,13.56,14.22,5369000
FCX,2003-08-26,00:00:00,13.66,13.68,13.20,13.50,3513600
FCX,2003-08-25,00:00:00,13.92,14.08,13.64,13.64,5923800
FCX,2003-08-22,00:00:00,14.80,15.00,14.49,14.52,3047800
FCX,2003-08-21,00:00:00,14.75,14.86,14.60,14.75,3591000
FCX,2003-08-20,00:00:00,14.34,14.75,14.12,14.75,2735200
FCX,2003-08-19,00:00:00,14.45,14.45,14.06,14.16,3143200
FCX,2003-08-18,00:00:00,14.50,14.66,14.30,14.34,2904800
FCX,2003-08-15,00:00:00,14.18,14.48,14.18,14.45,4360000
FCX,2003-08-14,00:00:00,13.92,14.21,13.91,14.16,3867600
FCX,2003-08-13,00:00:00,14.18,14.18,13.83,13.92,9056200
FCX,2003-08-12,00:00:00,13.80,14.22,13.86,14.20,3549400
FCX,2003-08-11,00:00:00,13.25,13.80,13.20,13.80,6578600
FCX,2003-08-08,00:00:00,13.24,13.28,13.05,13.10,2799800
FCX,2003-08-07,00:00:00,12.98,13.25,12.92,13.24,2644000
FCX,2003-08-06,00:00:00,13.42,13.42,13.22,13.22,5243400
FCX,2003-08-05,00:00:00,13.40,13.56,13.35,13.42,1716600
FCX,2003-08-04,00:00:00,13.40,13.65,13.32,13.40,2260800
FCX,2003-08-01,00:00:00,13.40,13.50,13.28,13.40,3028200
FCX,2003-07-31,00:00:00,13.50,13.50,13.18,13.25,2313800
FCX,2003-07-30,00:00:00,13.65,13.95,13.48,13.50,3222200
FCX,2003-07-29,00:00:00,13.80,13.96,13.57,13.62,3616000
FCX,2003-07-28,00:00:00,13.20,13.80,13.19,13.80,4239400
FCX,2003-07-25,00:00:00,12.96,13.45,12.80,13.14,6916200
FCX,2003-07-24,00:00:00,12.50,12.96,12.49,12.96,3258400
FCX,2003-07-23,00:00:00,12.54,12.55,12.40,12.46,10891000
FCX,2003-07-22,00:00:00,12.45,12.67,12.41,12.55,2397200
FCX,2003-07-21,00:00:00,12.32,12.55,12.28,12.50,5360400
FCX,2003-07-18,00:00:00,11.75,12.32,11.74,12.26,2914200
FCX,2003-07-17,00:00:00,11.98,12.00,11.72,11.80,2661800
FCX,2003-07-16,00:00:00,12.32,12.48,11.95,11.96,2967800
FCX,2003-07-15,00:00:00,12.43,12.43,12.22,12.25,2361600
FCX,2003-07-14,00:00:00,12.49,12.49,12.34,12.43,1641800
FCX,2003-07-11,00:00:00,12.40,12.47,12.35,12.46,2357400
FCX,2003-07-10,00:00:00,12.31,12.43,12.18,12.37,2063800
FCX,2003-07-09,00:00:00,12.26,12.32,12.14,12.23,2710800
FCX,2003-07-08,00:00:00,12.22,12.34,12.15,12.26,2671600
FCX,2003-07-07,00:00:00,12.25,12.30,12.08,12.12,1220800
FCX,2003-07-03,00:00:00,12.18,12.34,12.12,12.16,4244200
FCX,2003-07-02,00:00:00,12.22,12.26,11.98,12.02,3630000
FCX,2003-07-01,00:00:00,12.12,12.25,12.01,12.25,4595400
FCX,2003-06-30,00:00:00,12.15,12.26,12.02,12.08,2165800
FCX,2003-06-27,00:00:00,12.00,12.22,11.85,12.19,3569400
FCX,2003-06-26,00:00:00,12.05,12.27,11.95,11.97,3798400
FCX,2003-06-25,00:00:00,11.88,12.18,11.70,12.04,4245600
FCX,2003-06-24,00:00:00,12.18,12.18,11.76,11.81,4490200
FCX,2003-06-23,00:00:00,12.40,12.38,12.14,12.20,5538000
FCX,2003-06-20,00:00:00,12.60,12.60,12.18,12.18,6980200
FCX,2003-06-19,00:00:00,12.46,12.85,12.44,12.75,10397400
FCX,2003-06-18,00:00:00,12.16,12.48,12.08,12.46,5239600
FCX,2003-06-17,00:00:00,11.82,12.16,11.71,12.16,2641400
FCX,2003-06-16,00:00:00,11.82,11.87,11.64,11.74,2657800
FCX,2003-06-13,00:00:00,11.85,11.85,11.62,11.82,3863400
FCX,2003-06-12,00:00:00,11.50,11.76,11.48,11.72,6265400
FCX,2003-06-11,00:00:00,11.32,11.50,11.02,11.50,5092400
FCX,2003-06-10,00:00:00,11.54,11.54,11.37,11.41,3081400
FCX,2003-06-09,00:00:00,11.56,11.60,11.28,11.56,3644600
FCX,2003-06-06,00:00:00,11.42,11.62,11.30,11.59,2910200
FCX,2003-06-05,00:00:00,11.42,11.50,11.30,11.48,3781200
FCX,2003-06-04,00:00:00,11.42,11.47,11.22,11.46,3127400
FCX,2003-06-03,00:00:00,10.95,11.45,10.85,11.38,4703200
FCX,2003-06-02,00:00:00,10.82,11.00,10.74,10.98,2478600
FCX,2003-05-30,00:00:00,10.40,11.02,10.40,11.01,4023000
FCX,2003-05-29,00:00:00,10.80,10.80,10.50,10.69,5727400
FCX,2003-05-28,00:00:00,10.44,10.98,10.44,10.94,12410000
FCX,2003-05-27,00:00:00,10.27,10.44,10.25,10.44,3603400
FCX,2003-05-23,00:00:00,10.32,10.33,10.26,10.28,3685800
FCX,2003-05-22,00:00:00,9.98,10.35,9.86,10.33,5832000
FCX,2003-05-21,00:00:00,9.65,10.00,9.62,9.99,6303800
FCX,2003-05-20,00:00:00,9.85,9.91,9.72,9.75,2982400
FCX,2003-05-19,00:00:00,9.72,9.94,9.70,9.90,3463400
FCX,2003-05-16,00:00:00,9.54,9.70,9.54,9.66,3010200
FCX,2003-05-15,00:00:00,9.60,9.62,9.32,9.52,3557400
FCX,2003-05-14,00:00:00,10.00,10.00,9.59,9.62,5592000
FCX,2003-05-13,00:00:00,9.38,9.50,9.34,9.50,4394000
FCX,2003-05-12,00:00:00,9.18,9.30,9.12,9.26,3247200
FCX,2003-05-09,00:00:00,8.98,9.18,8.96,9.15,3153400
FCX,2003-05-08,00:00:00,9.15,9.16,8.94,8.97,1743800
FCX,2003-05-07,00:00:00,9.08,9.14,8.95,9.10,2375800
FCX,2003-05-06,00:00:00,9.09,9.14,9.05,9.09,1643800
FCX,2003-05-05,00:00:00,9.03,9.11,8.96,9.10,2262600
FCX,2003-05-02,00:00:00,8.78,9.08,8.78,9.03,4282400
FCX,2003-05-01,00:00:00,8.65,8.82,8.63,8.66,1947000
FCX,2003-04-30,00:00:00,8.70,8.75,8.65,8.73,1852200
FCX,2003-04-29,00:00:00,8.74,8.75,8.64,8.70,3587800
FCX,2003-04-28,00:00:00,8.82,8.94,8.65,8.66,3533800
FCX,2003-04-25,00:00:00,9.00,9.22,8.84,8.85,2957200
FCX,2003-04-24,00:00:00,9.18,9.30,9.05,9.22,7201400
FCX,2003-04-23,00:00:00,9.14,9.14,9.00,9.09,4217600
FCX,2003-04-22,00:00:00,9.10,9.28,9.04,9.14,5276600
FCX,2003-04-21,00:00:00,9.34,9.35,9.06,9.08,4275800
FCX,2003-04-17,00:00:00,9.35,9.38,9.29,9.34,2014600
FCX,2003-04-16,00:00:00,9.04,9.39,9.02,9.32,2696800
FCX,2003-04-15,00:00:00,9.25,9.26,9.12,9.15,2215000
FCX,2003-04-14,00:00:00,9.24,9.32,9.10,9.24,5277600
FCX,2003-04-11,00:00:00,9.29,9.41,9.22,9.29,2963200
FCX,2003-04-10,00:00:00,9.04,9.30,9.02,9.22,4519400
FCX,2003-04-09,00:00:00,8.85,9.09,8.78,9.04,3492000
FCX,2003-04-08,00:00:00,8.76,8.89,8.64,8.85,2413600
FCX,2003-04-07,00:00:00,8.68,8.90,8.68,8.70,4094000
FCX,2003-04-04,00:00:00,8.76,8.80,8.62,8.68,2349200
FCX,2003-04-03,00:00:00,8.52,8.76,8.48,8.76,1985400
FCX,2003-04-02,00:00:00,8.52,8.54,8.36,8.52,2168600
FCX,2003-04-01,00:00:00,8.68,8.74,8.46,8.52,2382600
FCX,2003-03-31,00:00:00,8.18,8.74,8.17,8.67,2131200
FCX,2003-03-28,00:00:00,8.42,8.50,8.20,8.21,3391600
FCX,2003-03-27,00:00:00,8.45,8.57,8.40,8.49,2411600
FCX,2003-03-26,00:00:00,8.30,8.46,8.30,8.40,2133000
FCX,2003-03-25,00:00:00,8.75,8.77,8.36,8.36,1677600
FCX,2003-03-24,00:00:00,8.62,8.80,8.48,8.74,3455200
FCX,2003-03-21,00:00:00,8.65,8.69,8.50,8.56,1743400
FCX,2003-03-20,00:00:00,8.84,8.84,8.50,8.66,3242200
FCX,2003-03-19,00:00:00,8.58,8.84,8.58,8.84,2017400
FCX,2003-03-18,00:00:00,8.59,8.69,8.50,8.62,1728800
FCX,2003-03-17,00:00:00,8.40,8.63,8.38,8.55,1809000
FCX,2003-03-14,00:00:00,8.16,8.46,8.08,8.40,3563200
FCX,2003-03-13,00:00:00,8.02,8.22,8.01,8.12,2424200
FCX,2003-03-12,00:00:00,8.06,8.28,8.04,8.09,3371200
FCX,2003-03-11,00:00:00,8.49,8.49,8.00,8.00,7101400
FCX,2003-03-10,00:00:00,8.62,8.62,8.42,8.52,3037600
FCX,2003-03-07,00:00:00,8.62,8.62,8.44,8.46,4012600
FCX,2003-03-06,00:00:00,8.48,8.55,8.45,8.52,2059800
FCX,2003-03-05,00:00:00,8.54,8.58,8.45,8.48,5242600
FCX,2003-03-04,00:00:00,8.52,8.60,8.42,8.48,2075000
FCX,2003-03-03,00:00:00,8.53,8.58,8.45,8.51,2131400
FCX,2003-02-28,00:00:00,8.49,8.56,8.36,8.54,5732800
FCX,2003-02-27,00:00:00,8.39,8.52,8.21,8.50,3056600
FCX,2003-02-26,00:00:00,8.42,8.68,8.30,8.42,3536000
FCX,2003-02-25,00:00:00,8.65,8.74,8.45,8.45,2433200
FCX,2003-02-24,00:00:00,8.72,8.75,8.58,8.62,2874800
FCX,2003-02-21,00:00:00,8.68,8.75,8.64,8.64,3348800
FCX,2003-02-20,00:00:00,8.32,8.72,8.32,8.56,3654200
FCX,2003-02-19,00:00:00,8.45,8.45,8.23,8.32,2782800
FCX,2003-02-18,00:00:00,8.45,8.50,8.34,8.45,2818400
FCX,2003-02-14,00:00:00,8.38,8.42,8.24,8.41,4999600
FCX,2003-02-13,00:00:00,8.38,8.44,8.23,8.23,4618200
FCX,2003-02-12,00:00:00,8.38,8.50,8.38,8.40,5584600
FCX,2003-02-11,00:00:00,8.50,8.52,8.34,8.36,5711400
FCX,2003-02-10,00:00:00,8.50,8.54,8.45,8.47,8015800
FCX,2003-02-07,00:00:00,8.98,8.64,8.38,8.42,26925400
FCX,2003-02-06,00:00:00,9.75,9.50,9.06,9.08,3065600
FCX,2003-02-05,00:00:00,9.25,9.56,9.32,9.48,3673800
FCX,2003-02-04,00:00:00,9.36,9.40,9.06,9.16,3516000
FCX,2003-02-03,00:00:00,9.64,9.45,9.28,9.38,2122600
FCX,2003-01-31,00:00:00,9.42,9.50,9.32,9.46,3035000
FCX,2003-01-30,00:00:00,9.42,9.47,9.32,9.42,6226200
FCX,2003-01-29,00:00:00,9.40,9.45,9.26,9.37,4017400
FCX,2003-01-28,00:00:00,9.33,9.65,9.33,9.40,4712600
FCX,2003-01-27,00:00:00,9.44,9.60,9.22,9.29,5253600
FCX,2003-01-24,00:00:00,9.12,9.46,9.12,9.44,2784400
FCX,2003-01-23,00:00:00,8.86,9.25,8.80,9.12,3719800
FCX,2003-01-22,00:00:00,9.12,9.15,8.80,8.82,3387000
FCX,2003-01-21,00:00:00,9.18,9.52,9.12,9.15,4908600
FCX,2003-01-17,00:00:00,8.60,9.17,8.55,9.16,9925000
FCX,2003-01-16,00:00:00,8.50,8.66,8.46,8.50,2248200
FCX,2003-01-15,00:00:00,8.70,8.72,8.49,8.49,1665800
FCX,2003-01-14,00:00:00,8.94,8.94,8.65,8.65,2565600
FCX,2003-01-13,00:00:00,8.50,8.98,8.48,8.94,3714000
FCX,2003-01-10,00:00:00,8.55,8.62,8.40,8.50,2618400
FCX,2003-01-09,00:00:00,8.55,8.55,8.28,8.32,5140000
FCX,2003-01-08,00:00:00,8.79,8.79,8.50,8.54,2235000
FCX,2003-01-07,00:00:00,8.88,8.95,8.78,8.80,4200400
FCX,2003-01-06,00:00:00,8.65,8.84,8.50,8.80,2232200
FCX,2003-01-03,00:00:00,8.22,8.72,8.22,8.72,1785800
FCX,2003-01-02,00:00:00,8.37,8.48,8.33,8.39,1709800
FCX,2002-12-31,00:00:00,8.35,8.40,8.28,8.34,2243200
FCX,2002-12-30,00:00:00,8.40,8.44,8.32,8.35,1644400
FCX,2002-12-27,00:00:00,8.24,8.44,8.24,8.42,1424600
FCX,2002-12-26,00:00:00,8.25,8.32,8.24,8.24,576000
FCX,2002-12-24,00:00:00,8.25,8.34,8.21,8.29,1277400
FCX,2002-12-23,00:00:00,8.22,8.26,8.08,8.18,2237800
FCX,2002-12-20,00:00:00,8.18,8.26,8.09,8.20,3282000
FCX,2002-12-19,00:00:00,7.99,8.15,7.84,8.10,5568200
FCX,2002-12-18,00:00:00,8.25,8.38,8.02,8.06,4130600
FCX,2002-12-17,00:00:00,7.82,8.03,7.77,8.00,2711000
FCX,2002-12-16,00:00:00,7.62,7.78,7.60,7.74,2641400
FCX,2002-12-13,00:00:00,7.22,7.66,7.18,7.64,4720800
FCX,2002-12-12,00:00:00,7.18,7.18,7.00,7.17,1465400
FCX,2002-12-11,00:00:00,7.25,7.33,7.13,7.19,2127200
FCX,2002-12-10,00:00:00,7.28,7.28,7.10,7.20,1704200
FCX,2002-12-09,00:00:00,7.40,7.50,7.16,7.32,2731400
FCX,2002-12-06,00:00:00,7.62,7.66,7.36,7.44,3112800
FCX,2002-12-05,00:00:00,7.55,7.60,7.44,7.60,2821600
FCX,2002-12-04,00:00:00,7.52,7.62,7.45,7.54,2064600
FCX,2002-12-03,00:00:00,7.75,7.83,7.48,7.55,2527200
FCX,2002-12-02,00:00:00,7.80,7.85,7.66,7.75,732000
FCX,2002-11-29,00:00:00,7.42,7.80,7.35,7.80,2051000
FCX,2002-11-27,00:00:00,7.28,7.48,7.18,7.39,1983400
FCX,2002-11-26,00:00:00,7.42,7.43,7.08,7.30,2508400
FCX,2002-11-25,00:00:00,7.60,7.65,7.44,7.48,2046200
FCX,2002-11-22,00:00:00,7.24,7.68,7.15,7.65,3346600
FCX,2002-11-21,00:00:00,6.88,7.20,6.85,7.10,2137200
FCX,2002-11-20,00:00:00,6.85,7.08,6.85,6.88,1666600
FCX,2002-11-19,00:00:00,6.90,7.05,6.82,6.93,1674800
FCX,2002-11-18,00:00:00,6.58,6.88,6.58,6.88,1098800
FCX,2002-11-15,00:00:00,6.55,6.82,6.48,6.68,1151800
FCX,2002-11-14,00:00:00,6.34,6.54,6.32,6.40,1115000
FCX,2002-11-13,00:00:00,6.40,6.50,6.28,6.34,2068200
FCX,2002-11-12,00:00:00,6.50,6.50,6.35,6.43,2352800
FCX,2002-11-11,00:00:00,6.79,6.89,6.44,6.50,2689600
FCX,2002-11-08,00:00:00,7.15,7.15,6.71,6.78,1863000
FCX,2002-11-07,00:00:00,6.98,6.98,6.50,6.94,3128400
FCX,2002-11-06,00:00:00,6.75,6.85,6.58,6.78,2939800
FCX,2002-11-05,00:00:00,6.42,6.72,6.40,6.70,2345600
FCX,2002-11-04,00:00:00,6.15,6.40,6.15,6.39,3928400
FCX,2002-11-01,00:00:00,6.27,6.30,6.10,6.10,1532800
FCX,2002-10-31,00:00:00,6.18,6.29,6.05,6.27,1946800
FCX,2002-10-30,00:00:00,6.32,6.34,6.12,6.22,1382800
FCX,2002-10-29,00:00:00,6.18,6.43,6.18,6.30,1600000
FCX,2002-10-28,00:00:00,6.18,6.39,6.10,6.12,1587800
FCX,2002-10-25,00:00:00,6.30,6.58,6.30,6.37,2790600
FCX,2002-10-24,00:00:00,6.36,6.48,6.16,6.36,1736800
FCX,2002-10-23,00:00:00,6.10,6.43,6.10,6.36,1690200
FCX,2002-10-22,00:00:00,6.05,6.25,6.04,6.07,2258800
FCX,2002-10-21,00:00:00,6.08,6.28,6.01,6.05,3014400
FCX,2002-10-18,00:00:00,5.92,6.08,5.78,6.04,2074800
FCX,2002-10-17,00:00:00,6.20,6.20,5.77,5.77,3671800
FCX,2002-10-16,00:00:00,5.62,6.12,5.55,6.12,7645200
FCX,2002-10-15,00:00:00,5.95,5.95,4.98,5.46,14802600
FCX,2002-10-14,00:00:00,5.54,6.22,5.50,6.18,3534000
FCX,2002-10-11,00:00:00,5.25,5.50,5.12,5.50,6370200
FCX,2002-10-10,00:00:00,5.30,5.54,5.24,5.24,4156000
FCX,2002-10-09,00:00:00,5.60,5.72,5.38,5.54,2899200
FCX,2002-10-08,00:00:00,5.94,6.10,5.60,5.61,3938800
FCX,2002-10-07,00:00:00,6.22,6.35,5.98,6.00,2343600
FCX,2002-10-04,00:00:00,6.50,6.54,6.30,6.30,2593400
FCX,2002-10-03,00:00:00,6.75,6.80,6.45,6.45,1839800
FCX,2002-10-02,00:00:00,6.61,6.75,6.50,6.75,1794000
FCX,2002-10-01,00:00:00,6.90,6.90,6.52,6.73,4657800
FCX,2002-09-30,00:00:00,6.36,6.52,6.36,6.48,3468600
FCX,2002-09-27,00:00:00,6.28,6.47,6.22,6.36,5130800
FCX,2002-09-26,00:00:00,6.25,6.40,6.10,6.22,4854400
FCX,2002-09-25,00:00:00,6.28,6.30,5.88,6.10,4445400
FCX,2002-09-24,00:00:00,6.60,6.60,6.35,6.40,2476000
FCX,2002-09-23,00:00:00,6.76,6.80,6.68,6.75,2428800
FCX,2002-09-20,00:00:00,6.59,6.82,6.50,6.76,1522400
FCX,2002-09-19,00:00:00,6.64,6.90,6.54,6.60,3415000
FCX,2002-09-18,00:00:00,6.90,7.04,6.65,6.66,2270200
FCX,2002-09-17,00:00:00,7.10,7.28,6.92,7.12,1821800
FCX,2002-09-16,00:00:00,7.24,7.32,7.04,7.20,2227000
FCX,2002-09-13,00:00:00,7.32,7.38,7.10,7.25,2923600
FCX,2002-09-12,00:00:00,7.42,7.50,7.25,7.49,3021000
FCX,2002-09-11,00:00:00,7.67,7.68,7.10,7.17,3416600
FCX,2002-09-10,00:00:00,7.50,7.81,7.50,7.70,2693400
FCX,2002-09-09,00:00:00,7.20,7.50,7.08,7.50,2542600
FCX,2002-09-06,00:00:00,7.12,7.37,7.10,7.20,2761600
FCX,2002-09-05,00:00:00,7.38,7.38,7.05,7.12,3511400
FCX,2002-09-04,00:00:00,7.40,7.54,7.15,7.35,6771600
FCX,2002-09-03,00:00:00,8.19,8.30,8.16,8.20,1119800
FCX,2002-08-30,00:00:00,8.30,8.34,8.06,8.20,3049200
FCX,2002-08-29,00:00:00,8.42,8.58,8.30,8.30,1528000
FCX,2002-08-28,00:00:00,8.35,8.64,8.31,8.58,2377400
FCX,2002-08-27,00:00:00,8.09,8.36,8.09,8.35,1356600
FCX,2002-08-26,00:00:00,8.30,8.30,8.00,8.08,1267600
FCX,2002-08-23,00:00:00,8.02,8.35,8.02,8.32,2285600
FCX,2002-08-22,00:00:00,7.92,8.04,7.76,8.02,2636000
FCX,2002-08-21,00:00:00,7.78,7.95,7.73,7.90,3115000
FCX,2002-08-20,00:00:00,7.87,7.92,7.60,7.80,1615400
FCX,2002-08-19,00:00:00,8.08,8.12,7.86,7.95,1193000
FCX,2002-08-16,00:00:00,7.86,8.12,7.86,8.10,1582400
FCX,2002-08-15,00:00:00,7.82,7.96,7.58,7.86,3624600
FCX,2002-08-14,00:00:00,7.72,8.15,7.72,7.79,1680400
FCX,2002-08-13,00:00:00,7.85,8.15,7.82,7.93,1798200
FCX,2002-08-12,00:00:00,7.60,8.12,7.55,8.10,1619200
FCX,2002-08-09,00:00:00,7.60,7.62,7.50,7.60,1246800
FCX,2002-08-08,00:00:00,7.55,7.60,7.32,7.52,1564800
FCX,2002-08-07,00:00:00,7.03,7.34,7.03,7.30,2949400
FCX,2002-08-06,00:00:00,7.48,7.55,7.01,7.02,2312400
FCX,2002-08-05,00:00:00,7.45,7.58,7.22,7.35,2278800
FCX,2002-08-02,00:00:00,7.50,7.82,7.38,7.45,1885600
FCX,2002-08-01,00:00:00,7.78,7.81,7.50,7.64,1349800
FCX,2002-07-31,00:00:00,8.00,8.00,7.62,7.78,3451600
FCX,2002-07-30,00:00:00,7.25,7.74,7.25,7.66,2276000
FCX,2002-07-29,00:00:00,7.28,7.30,7.00,7.25,3462200
FCX,2002-07-26,00:00:00,7.05,7.40,6.76,7.28,6358800
FCX,2002-07-25,00:00:00,6.25,6.94,6.21,6.94,6765000
FCX,2002-07-24,00:00:00,7.12,7.28,6.44,6.48,4731600
FCX,2002-07-23,00:00:00,7.90,7.92,7.30,7.30,1922800
FCX,2002-07-22,00:00:00,8.22,8.25,7.68,7.86,3131600
FCX,2002-07-19,00:00:00,8.13,8.49,8.00,8.04,2706600
FCX,2002-07-18,00:00:00,8.31,8.50,8.10,8.13,1791000
FCX,2002-07-17,00:00:00,8.55,8.60,8.24,8.31,1534800
FCX,2002-07-16,00:00:00,8.74,8.94,8.25,8.68,2007800
FCX,2002-07-15,00:00:00,8.88,9.00,8.59,8.62,2837400
FCX,2002-07-12,00:00:00,8.98,9.02,8.68,8.88,3034400
FCX,2002-07-11,00:00:00,9.08,9.08,8.76,9.02,2969400
FCX,2002-07-10,00:00:00,8.80,9.25,8.80,9.11,2282800
FCX,2002-07-09,00:00:00,8.48,8.80,8.45,8.74,2101200
FCX,2002-07-08,00:00:00,8.32,8.62,8.26,8.55,580800
FCX,2002-07-05,00:00:00,8.28,8.34,8.10,8.31,3139800
FCX,2002-07-03,00:00:00,8.90,8.97,8.48,8.52,3323600
FCX,2002-07-02,00:00:00,8.88,9.11,8.80,9.11,2206800
FCX,2002-07-01,00:00:00,9.15,9.16,8.88,8.92,2663400
FCX,2002-06-28,00:00:00,9.45,9.46,9.08,9.26,2746000
FCX,2002-06-27,00:00:00,9.68,9.72,9.26,9.45,1900200
FCX,2002-06-26,00:00:00,9.52,9.53,9.40,9.53,2441800
FCX,2002-06-25,00:00:00,9.64,9.64,9.40,9.59,3739000
FCX,2002-06-24,00:00:00,9.62,9.74,9.50,9.63,2610200
FCX,2002-06-21,00:00:00,9.44,9.64,9.38,9.63,3937400
FCX,2002-06-20,00:00:00,9.38,9.50,9.28,9.44,4237400
FCX,2002-06-19,00:00:00,9.21,9.32,9.20,9.30,5586600
FCX,2002-06-18,00:00:00,9.30,9.30,9.15,9.21,2517000
FCX,2002-06-17,00:00:00,9.20,9.50,9.20,9.40,3487800
FCX,2002-06-14,00:00:00,9.12,9.23,9.05,9.08,1830200
FCX,2002-06-13,00:00:00,9.32,9.50,9.22,9.22,3515600
FCX,2002-06-12,00:00:00,9.15,9.32,9.08,9.25,3948200
FCX,2002-06-11,00:00:00,9.52,9.58,9.16,9.30,2761000
FCX,2002-06-10,00:00:00,9.99,10.14,9.57,9.58,3759600
FCX,2002-06-07,00:00:00,10.01,10.20,9.90,9.92,3286600
FCX,2002-06-06,00:00:00,9.82,10.05,9.70,10.05,2890000
FCX,2002-06-05,00:00:00,10.15,10.35,9.94,9.94,3156600
FCX,2002-06-04,00:00:00,9.88,10.18,9.88,10.08,3272000
FCX,2002-06-03,00:00:00,9.72,10.02,9.63,9.88,2574200
FCX,2002-05-31,00:00:00,9.78,9.94,9.57,9.57,7881200
FCX,2002-05-30,00:00:00,10.40,10.40,9.92,9.93,4665800
FCX,2002-05-29,00:00:00,10.02,10.42,10.00,10.40,4567600
FCX,2002-05-28,00:00:00,10.08,10.12,10.00,10.02,2565200
FCX,2002-05-24,00:00:00,9.85,10.22,9.70,10.12,3355400
FCX,2002-05-23,00:00:00,9.85,10.08,9.74,9.88,8097600
FCX,2002-05-22,00:00:00,9.58,9.80,9.40,9.79,3882000
FCX,2002-05-21,00:00:00,9.38,9.68,9.25,9.55,3067000
FCX,2002-05-20,00:00:00,9.08,9.35,9.08,9.30,1934800
FCX,2002-05-17,00:00:00,9.14,9.26,9.02,9.12,1032200
FCX,2002-05-16,00:00:00,9.18,9.30,9.02,9.12,3673200
FCX,2002-05-15,00:00:00,9.32,9.32,8.88,8.98,3841600
FCX,2002-05-14,00:00:00,9.18,9.38,9.04,9.38,2493600
FCX,2002-05-13,00:00:00,9.08,9.22,9.07,9.16,2557000
FCX,2002-05-10,00:00:00,8.80,9.08,8.80,9.08,1364000
FCX,2002-05-09,00:00:00,8.88,9.08,8.83,9.02,1225800
FCX,2002-05-08,00:00:00,8.92,9.12,8.82,8.84,2264800
FCX,2002-05-07,00:00:00,9.00,9.00,8.76,8.84,5598000
FCX,2002-05-06,00:00:00,8.80,9.08,8.80,8.94,1309400
FCX,2002-05-03,00:00:00,8.75,8.96,8.68,8.80,1619000
FCX,2002-05-02,00:00:00,8.82,8.96,8.80,8.91,2152400
FCX,2002-05-01,00:00:00,9.20,9.20,8.85,8.88,2138800
FCX,2002-04-30,00:00:00,9.00,9.26,9.00,9.20,2219400
FCX,2002-04-29,00:00:00,8.65,9.05,8.54,9.04,2000600
FCX,2002-04-26,00:00:00,8.89,9.08,8.58,8.66,2663800
FCX,2002-04-25,00:00:00,9.10,9.21,8.78,8.82,2865400
FCX,2002-04-24,00:00:00,9.15,9.17,9.08,9.10,1919600
FCX,2002-04-23,00:00:00,9.15,9.24,9.12,9.16,2216200
FCX,2002-04-22,00:00:00,9.15,9.16,9.04,9.10,2500600
FCX,2002-04-19,00:00:00,9.25,9.30,9.10,9.16,9247000
FCX,2002-04-18,00:00:00,8.88,9.25,8.84,9.22,3335400
FCX,2002-04-17,00:00:00,8.69,8.84,8.51,8.81,1673400
FCX,2002-04-16,00:00:00,8.80,8.81,8.66,8.70,1063200
FCX,2002-04-15,00:00:00,8.74,8.82,8.70,8.78,1898200
FCX,2002-04-12,00:00:00,8.88,8.89,8.70,8.73,1012600
FCX,2002-04-11,00:00:00,8.78,8.92,8.76,8.88,1662200
FCX,2002-04-10,00:00:00,8.70,8.85,8.70,8.78,1691800
FCX,2002-04-09,00:00:00,8.58,8.78,8.57,8.70,1905200
FCX,2002-04-08,00:00:00,8.63,8.69,8.40,8.57,1355800
FCX,2002-04-05,00:00:00,8.58,8.88,8.30,8.63,2446200
FCX,2002-04-04,00:00:00,8.76,8.79,8.46,8.58,1798000
FCX,2002-04-03,00:00:00,9.00,9.00,8.80,8.88,1658800
FCX,2002-04-02,00:00:00,8.80,9.07,8.72,8.98,3515600
FCX,2002-04-01,00:00:00,8.90,8.92,8.74,8.81,2026600
FCX,2002-03-28,00:00:00,8.38,8.88,8.36,8.85,5590400
FCX,2002-03-27,00:00:00,8.12,8.40,8.12,8.22,2480800
FCX,2002-03-26,00:00:00,8.10,8.22,8.02,8.10,2236400
FCX,2002-03-25,00:00:00,8.06,8.26,8.05,8.09,1159400
FCX,2002-03-22,00:00:00,8.24,8.26,8.06,8.06,2684400
FCX,2002-03-21,00:00:00,8.00,8.26,7.98,8.24,2238800
FCX,2002-03-20,00:00:00,7.88,8.20,7.88,8.05,3771800
FCX,2002-03-19,00:00:00,7.62,7.80,7.62,7.74,2786800
FCX,2002-03-18,00:00:00,7.71,7.72,7.58,7.62,2117000
FCX,2002-03-15,00:00:00,7.66,7.78,7.64,7.70,2121600
FCX,2002-03-14,00:00:00,7.89,7.99,7.73,7.76,5172200
FCX,2002-03-13,00:00:00,7.73,7.92,7.73,7.89,2820800
FCX,2002-03-12,00:00:00,7.65,7.77,7.65,7.72,3123800
FCX,2002-03-11,00:00:00,7.74,7.79,7.48,7.65,1664400
FCX,2002-03-08,00:00:00,7.90,7.94,7.70,7.72,3126800
FCX,2002-03-07,00:00:00,7.55,7.92,7.55,7.82,5796400
FCX,2002-03-06,00:00:00,7.82,7.88,7.53,7.60,2298400
FCX,2002-03-05,00:00:00,7.72,8.02,7.70,7.93,8854400
FCX,2002-03-04,00:00:00,7.32,7.72,7.28,7.72,3060400
FCX,2002-03-01,00:00:00,7.38,7.42,7.31,7.32,4243200
FCX,2002-02-28,00:00:00,7.30,7.44,7.30,7.35,1901200
FCX,2002-02-27,00:00:00,7.12,7.29,7.08,7.22,3466600
FCX,2002-02-26,00:00:00,7.02,7.20,7.02,7.10,2710600
FCX,2002-02-25,00:00:00,7.15,7.22,6.88,6.99,1931800
FCX,2002-02-22,00:00:00,7.20,7.32,7.12,7.15,3407200
FCX,2002-02-21,00:00:00,7.32,7.38,7.16,7.22,2680200
FCX,2002-02-20,00:00:00,7.75,7.77,7.42,7.46,2623400
FCX,2002-02-19,00:00:00,7.74,7.95,7.74,7.85,3592200
FCX,2002-02-15,00:00:00,8.00,8.04,7.74,7.74,8045000
FCX,2002-02-14,00:00:00,7.70,8.00,7.68,7.98,1994400
FCX,2002-02-13,00:00:00,7.75,7.79,7.60,7.68,1893800
FCX,2002-02-12,00:00:00,7.72,7.85,7.66,7.75,1815000
FCX,2002-02-11,00:00:00,7.70,7.98,7.68,7.78,2496200
FCX,2002-02-08,00:00:00,7.70,7.79,7.64,7.66,2876000
FCX,2002-02-07,00:00:00,7.79,7.88,7.66,7.70,3226400
FCX,2002-02-06,00:00:00,7.76,7.84,7.66,7.74,3417200
FCX,2002-02-05,00:00:00,7.81,7.84,7.62,7.76,3411200
FCX,2002-02-04,00:00:00,7.78,7.99,7.74,7.92,1640200
FCX,2002-02-01,00:00:00,7.50,7.79,7.40,7.78,3273400
FCX,2002-01-31,00:00:00,7.52,7.60,7.44,7.52,2590200
FCX,2002-01-30,00:00:00,7.21,7.56,7.21,7.52,3200800
FCX,2002-01-29,00:00:00,7.40,7.40,7.15,7.22,1337400
FCX,2002-01-28,00:00:00,7.09,7.40,7.08,7.40,1341200
FCX,2002-01-25,00:00:00,7.00,7.25,7.00,7.08,2521200
FCX,2002-01-24,00:00:00,6.89,6.96,6.75,6.96,2443600
FCX,2002-01-23,00:00:00,6.90,6.95,6.78,6.82,1484600
FCX,2002-01-22,00:00:00,6.75,6.90,6.58,6.80,1735600
FCX,2002-01-18,00:00:00,6.85,6.85,6.54,6.74,1961800
FCX,2002-01-17,00:00:00,6.87,7.00,6.72,6.72,2827400
FCX,2002-01-16,00:00:00,6.76,6.92,6.75,6.87,2045400
FCX,2002-01-15,00:00:00,6.88,6.94,6.70,6.77,1675000
FCX,2002-01-14,00:00:00,6.80,6.98,6.76,6.84,830000
FCX,2002-01-11,00:00:00,7.04,7.05,6.78,6.80,1552200
FCX,2002-01-10,00:00:00,6.79,7.02,6.79,6.92,2325000
FCX,2002-01-09,00:00:00,6.88,6.90,6.66,6.68,1151400
FCX,2002-01-08,00:00:00,6.62,6.94,6.62,6.88,1729200
FCX,2002-01-07,00:00:00,6.60,6.76,6.56,6.62,1357000
FCX,2002-01-04,00:00:00,6.68,6.68,6.53,6.59,1361400
FCX,2002-01-03,00:00:00,6.62,6.68,6.55,6.64,979600
FCX,2002-01-02,00:00:00,6.48,6.85,6.45,6.70,1241800
FCX,2001-12-31,00:00:00,6.50,6.55,6.44,6.48,737000
FCX,2001-12-28,00:00:00,6.48,6.55,6.44,6.50,1423200
FCX,2001-12-27,00:00:00,6.40,6.52,6.35,6.48,628000
FCX,2001-12-26,00:00:00,6.20,6.42,6.20,6.36,425400
FCX,2001-12-24,00:00:00,6.55,6.57,6.22,6.25,2387000
FCX,2001-12-21,00:00:00,6.40,6.62,6.40,6.58,2227800
FCX,2001-12-20,00:00:00,6.44,6.65,6.25,6.28,2464600
FCX,2001-12-19,00:00:00,6.15,6.68,6.12,6.56,1573600
FCX,2001-12-18,00:00:00,6.45,6.50,6.02,6.11,1520800
FCX,2001-12-17,00:00:00,6.32,6.50,6.32,6.38,1267400
FCX,2001-12-14,00:00:00,6.50,6.50,6.18,6.24,1551800
FCX,2001-12-13,00:00:00,6.52,6.67,6.47,6.50,1352200
FCX,2001-12-12,00:00:00,6.54,6.77,6.48,6.50,1467400
FCX,2001-12-11,00:00:00,6.75,6.82,6.50,6.55,2374200
FCX,2001-12-10,00:00:00,6.99,7.09,6.88,6.90,1318000
FCX,2001-12-07,00:00:00,7.00,7.02,6.78,6.96,2386400
FCX,2001-12-06,00:00:00,6.98,7.12,6.85,7.02,2716400
FCX,2001-12-05,00:00:00,6.66,6.90,6.54,6.90,2933400
FCX,2001-12-04,00:00:00,6.55,6.73,6.52,6.66,2578800
FCX,2001-12-03,00:00:00,6.28,6.72,6.28,6.68,2208600
FCX,2001-11-30,00:00:00,6.35,6.37,6.19,6.28,1557800
FCX,2001-11-29,00:00:00,6.17,6.56,6.17,6.36,3063600
FCX,2001-11-28,00:00:00,6.02,6.25,6.02,6.17,3914600
FCX,2001-11-27,00:00:00,5.90,6.08,5.86,5.90,1179200
FCX,2001-11-26,00:00:00,5.86,5.86,5.74,5.81,136800
FCX,2001-11-23,00:00:00,5.82,5.92,5.72,5.90,717200
FCX,2001-11-21,00:00:00,5.88,5.95,5.80,5.82,1080600
FCX,2001-11-20,00:00:00,5.78,5.96,5.78,5.90,1102000
FCX,2001-11-19,00:00:00,5.91,5.98,5.70,5.78,1798200
FCX,2001-11-16,00:00:00,6.12,6.15,5.84,5.96,1371000
FCX,2001-11-15,00:00:00,6.50,6.50,6.05,6.06,3371200
FCX,2001-11-14,00:00:00,5.92,5.96,5.64,5.65,1788200
FCX,2001-11-13,00:00:00,6.00,6.05,5.88,5.88,2193400
FCX,2001-11-12,00:00:00,5.80,6.02,5.80,6.01,3620800
FCX,2001-11-09,00:00:00,5.68,5.88,5.68,5.76,1826400
FCX,2001-11-08,00:00:00,5.60,5.66,5.59,5.64,1176600
FCX,2001-11-07,00:00:00,5.50,5.70,5.50,5.60,959200
FCX,2001-11-06,00:00:00,5.54,5.58,5.50,5.54,845200
FCX,2001-11-05,00:00:00,5.50,5.58,5.40,5.54,908400
FCX,2001-11-02,00:00:00,5.46,5.75,5.28,5.57,2017400
FCX,2001-11-01,00:00:00,5.12,5.55,5.10,5.55,1863600
FCX,2001-10-31,00:00:00,5.08,5.12,5.02,5.11,1775400
FCX,2001-10-30,00:00:00,5.31,5.31,4.75,5.07,1162400
FCX,2001-10-29,00:00:00,5.36,5.43,5.28,5.30,697400
FCX,2001-10-26,00:00:00,5.35,5.50,5.26,5.42,1314600
FCX,2001-10-25,00:00:00,5.30,5.38,5.22,5.38,1312600
FCX,2001-10-24,00:00:00,5.00,5.35,5.00,5.25,2676200
FCX,2001-10-23,00:00:00,5.00,5.05,4.96,5.00,1578600
FCX,2001-10-22,00:00:00,5.08,5.14,4.85,5.00,1779800
FCX,2001-10-19,00:00:00,5.15,5.16,5.02,5.08,900000
